2 0.36873 0.18512 0.03432 0.05681
2 0.60641 0.17837 0.03122 0.05289
0 0.52564 0.19129 0.03155 0.04349
2 0.54459 0.16336 0.02785 0.04271
0 0.47787 0.16188 0.02714 0.04313
0 0.30677 0.30813 0.04475 0.06143
0 0.28418 0.26559 0.03922 0.05186
0 0.24933 0.18191 0.02963 0.04364
0 0.1982 0.20596 0.03162 0.05718
0 0.15721 0.19531 0.03226 0.04039
0 0.13646 0.1822 0.02931 0.04038
0 0.15819 0.15858 0.02203 0.03308
0 0.21535 0.16005 0.02069 0.02812
0 0.34391 0.23288 0.03717 0.05
0 0.36102 0.25517 0.03481 0.05297
0 0.38895 0.21627 0.03599 0.05175
0 0.43158 0.19954 0.03467 0.03948
0 0.39804 0.16987 0.02909 0.04342
1 0.33798 0.14369 0.04206 0.08685
0 0.09321 0.86306 0.12069 0.15087
2 0.42311 0.49329 0.10677 0.23618
2 0.57445 0.38596 0.05946 0.1266
1 0.24549 0.1458 0.04093 0.08887
1 0.18315 0.14114 0.03943 0.0861
2 0.27632 0.15026 0.02934 0.04997
2 0.43681 0.26765 0.0422 0.07175
2 0.4164 0.24121 0.03282 0.0652
1 0.21892 0.25644 0.06206 0.1375
0 0.26523 0.46943 0.06302 0.09844
0 0.23507 0.3365 0.0449 0.06319
0 0.56934 0.98115 0.08932 0.0377
0 0.52443 0.92677 0.11697 0.14646
0 0.5177 0.8468 0.104 0.13878
0 0.48907 0.74848 0.0996 0.15444
0 0.47072 0.68474 0.08345 0.11659
0 0.83068 0.75109 0.09691 0.14618
0 0.73472 0.63317 0.08157 0.1113
0 0.54491 0.52086 0.06791 0.0939
0 0.46193 0.39603 0.05228 0.08329
0 0.59787 0.34612 0.04402 0.06756
0 0.52379 0.28413 0.04296 0.05727
0 0.38033 0.47177 0.05622 0.10171
0 0.36525 0.45063 0.04702 0.07704
0 0.353 0.41287 0.04347 0.07553
0 0.34097 0.39386 0.04716 0.07477
0 0.33296 0.36352 0.05495 0.07906
0 0.31916 0.3435 0.04206 0.07377
0 0.25178 0.37389 0.05565 0.08307
