1 0.46405 0.5379 0.02915 0.05685
0 0.80212 0.64137 0.03807 0.03665
0 0.86699 0.72241 0.05337 0.05841
2 0.5091 0.52858 0.02254 0.05393
0 0.63885 0.64234 0.02967 0.04123
0 0.73097 0.61442 0.02936 0.03419
0 0.64405 0.59827 0.02122 0.037
0 0.59214 0.58479 0.02213 0.02986
0 0.57669 0.55602 0.01893 0.03089
0 0.5721 0.60592 0.02549 0.04502
2 0.76526 0.57072 0.05472 0.07365
0 0.85425 0.94182 0.0974 0.11636
1 0.47659 0.4996 0.01568 0.03357
2 0.53669 0.607 0.0312 0.08914
2 0.53353 0.52197 0.02436 0.05413
0 0.54992 0.823 0.04996 0.08942
