0 0.90644 0.64189 0.09303 0.13469
2 0.79876 0.24536 0.08323 0.14857
0 0.59663 0.24359 0.03707 0.04796
0 0.49336 0.17523 0.02914 0.03739
0 0.16655 0.15208 0.0173 0.03613
0 0.15688 0.1582 0.02254 0.03904
0 0.14364 0.16126 0.02934 0.03962
0 0.2347 0.16362 0.02634 0.05045
0 0.61324 0.36849 0.05343 0.07251
2 0.59688 0.59843 0.11423 0.16497
2 0.36903 0.26515 0.04113 0.07613
2 0.22181 0.28242 0.04242 0.07758
0 0.40541 0.22601 0.0288 0.04616
0 0.42235 0.19003 0.03104 0.04092
0 0.37627 0.2 0.03352 0.0449
0 0.34794 0.16947 0.02974 0.04301
0 0.32046 0.15401 0.018 0.03514
0 0.33818 0.15972 0.02447 0.04653
2 0.54007 0.33499 0.10219 0.21864
2 0.29934 0.16869 0.02806 0.0522
0 0.22533 0.15053 0.02821 0.05377
2 0.70941 0.50965 0.12982 0.2601
0 0.29318 0.13788 0.04221 0.10043
2 0.38145 0.15636 0.02464 0.04441
2 0.17817 0.14477 0.01958 0.04785
2 0.25261 0.17431 0.04119 0.09172
2 0.38848 0.236 0.04231 0.0867
2 0.75752 0.8833 0.1568 0.22553
0 0.35845 0.952 0.13849 0.09601
0 0.6023 0.926 0.13073 0.148
0 0.94207 0.8859 0.11586 0.20147
0 0.09117 0.69205 0.08589 0.12703
0 0.28772 0.54062 0.07293 0.1179
0 0.3686 0.43229 0.05897 0.09266
0 0.4611 0.4088 0.05017 0.07526
0 0.14979 0.24899 0.03943 0.05227
0 0.20655 0.21802 0.03501 0.0441
0 0.13553 0.19945 0.03574 0.05119
