0 0.18582 0.16416 0.02704 0.03357
0 0.55917 0.42622 0.0603 0.08287
2 0.73895 0.83032 0.13144 0.20422
0 0.33162 0.37189 0.05376 0.06425
0 0.66763 0.25318 0.03927 0.04863
2 0.74247 0.2475 0.0559 0.07861
2 0.78873 0.32998 0.05423 0.0825
0 0.7929 0.29373 0.04592 0.05081
0 0.25951 0.20596 0.03354 0.04616
0 0.27529 0.24011 0.04041 0.05915
0 0.14522 0.2483 0.04048 0.05901
0 0.15136 0.16526 0.02719 0.04985
0 0.22309 0.15205 0.01968 0.03852
0 0.17796 0.15407 0.02213 0.02981
0 0.31927 0.1562 0.02645 0.03654
0 0.42972 0.19108 0.03432 0.05621
0 0.40976 0.24785 0.03823 0.04972
2 0.54246 0.16513 0.04023 0.05849
2 0.19901 0.14915 0.02479 0.05639
2 0.25688 0.15526 0.0194 0.04179
2 0.33035 0.21071 0.03552 0.06586
0 0.21393 0.25642 0.03901 0.05346
0 0.30931 0.32687 0.04573 0.06014
0 0.48921 0.16782 0.03068 0.03853
0 0.97778 0.40003 0.04443 0.07823
0 0.33176 0.19082 0.03432 0.03899
0 0.23262 0.159 0.0259 0.03351
2 0.59884 0.20012 0.03553 0.06405
2 0.56738 0.13275 0.05418 0.08898
0 0.23627 0.17431 0.03007 0.03628
0 0.51828 0.85783 0.09516 0.15075
0 0.84767 0.75786 0.10162 0.12991
0 0.80168 0.54106 0.07945 0.11807
