0 0.73172 0.35723 0.05414 0.06381
2 0.55043 0.14145 0.04615 0.0888
0 0.52651 0.1886 0.03118 0.04441
0 0.60904 0.17054 0.02257 0.03744
0 0.65976 0.25019 0.03895 0.04796
0 0.73409 0.24958 0.04281 0.05849
0 0.74947 0.31127 0.04836 0.06131
0 0.97828 0.54732 0.04344 0.09316
0 0.02959 0.74312 0.05918 0.13343
0 0.23112 0.38539 0.05383 0.08135
2 0.33964 0.13804 0.04258 0.09867
2 0.5073 0.2922 0.08528 0.18731
0 0.37506 0.46949 0.04962 0.0851
0 0.35611 0.42746 0.05579 0.07935
0 0.32704 0.36873 0.05227 0.07048
0 0.41073 0.54074 0.06989 0.09606
0 0.63212 0.66102 0.08457 0.12006
2 0.60514 0.43177 0.06509 0.09876
0 0.46242 0.40227 0.05604 0.07701
0 0.54634 0.94119 0.11981 0.11762
0 0.54722 0.85481 0.10889 0.14283
0 0.4793 0.67334 0.07782 0.1065
0 0.43731 0.59504 0.0831 0.13156
0 0.3909 0.49141 0.06194 0.10284
2 0.27563 0.13438 0.04082 0.09136
2 0.24347 0.14274 0.04111 0.09136
2 0.573 0.50717 0.07358 0.12705
1 0.19249 0.17051 0.04728 0.1065
0 0.52643 0.79154 0.09972 0.14408
0 0.48802 0.7383 0.08844 0.11402
0 0.93484 0.69194 0.10571 0.1541
0 0.79759 0.5632 0.07858 0.10085
0 0.74385 0.61457 0.0747 0.11213
0 0.76313 0.92948 0.12016 0.14105
0 0.3155 0.15899 0.01784 0.03233
0 0.39257 0.16886 0.03172 0.04356
0 0.41721 0.18409 0.02492 0.03978
0 0.474 0.23371 0.03271 0.05866
0 0.15257 0.17053 0.02887 0.03567
0 0.14804 0.23231 0.03793 0.05743
0 0.18035 0.27298 0.04185 0.05525
0 0.20898 0.22643 0.03548 0.04829
0 0.22183 0.3006 0.04649 0.06004
