0 0.51098 0.73906 0.03658 0.06346
0 0.70366 0.57327 0.02182 0.02352
2 0.66692 0.51118 0.03254 0.042
0 0.50983 0.94784 0.06581 0.10431
0 0.50839 0.87135 0.05476 0.09902
0 0.50444 0.78005 0.04139 0.08392
0 0.51452 0.69535 0.03245 0.04318
0 0.51531 0.66807 0.03226 0.04493
0 0.5222 0.61598 0.02537 0.03829
0 0.52601 0.59595 0.02136 0.0279
1 0.41677 0.57723 0.05094 0.07413
1 0.52201 0.50852 0.01974 0.04112
2 0.5159 0.55577 0.02559 0.06049
2 0.57698 0.60311 0.03167 0.04597
0 0.5213 0.64307 0.02635 0.03969
