0 0.29595 0.29416 0.03229 0.06394
0 0.31286 0.42931 0.06798 0.09426
0 0.3494 0.38899 0.03467 0.06194
0 0.35645 0.41663 0.03824 0.06948
0 0.53585 0.37443 0.04911 0.06857
0 0.46159 0.40176 0.04469 0.07916
0 0.38352 0.29638 0.04775 0.07569
2 0.25472 0.15287 0.02549 0.06848
2 0.26389 0.19427 0.04214 0.10544
2 0.36325 0.18116 0.03104 0.05456
0 0.58093 0.95695 0.12128 0.0861
0 0.28773 0.27817 0.0337 0.05564
0 0.29176 0.16559 0.01699 0.02832
0 0.32758 0.16129 0.02986 0.03986
0 0.54746 0.81077 0.10131 0.14142
0 0.55098 0.88357 0.11012 0.15661
0 0.47822 0.16504 0.02064 0.03281
2 0.90847 0.31867 0.08682 0.14081
0 0.81559 0.34722 0.05566 0.08119
2 0.72209 0.1892 0.05423 0.09952
2 0.64835 0.19858 0.03378 0.05624
0 0.26578 0.15114 0.01803 0.02994
0 0.22646 0.16047 0.02744 0.03846
0 0.22952 0.45637 0.06205 0.09693
0 0.14088 0.254 0.04319 0.06902
2 0.14808 0.20071 0.02691 0.0598
0 0.15333 0.51176 0.07393 0.11222
0 0.15976 0.15688 0.02262 0.03366
0 0.18046 0.15506 0.02237 0.02972
0 0.2062 0.25127 0.03741 0.04888
0 0.2049 0.2946 0.04331 0.05832
0 0.20963 0.38725 0.05565 0.08358
2 0.81001 0.70841 0.17718 0.25634
2 0.64512 0.50751 0.07317 0.1192
2 0.48814 0.65892 0.11111 0.25346
2 0.52596 0.45875 0.06852 0.15879
2 0.4346 0.52468 0.13144 0.30759
2 0.39214 0.43447 0.08845 0.22553
2 0.33598 0.30835 0.07806 0.17749
2 0.32202 0.28681 0.0683 0.13617
2 0.50132 0.31449 0.06881 0.10362
2 0.27922 0.22446 0.04854 0.09577
