0 0.5799 0.19476 0.0333 0.04656
0 0.54767 0.18019 0.02831 0.04186
0 0.48367 0.17025 0.03214 0.04229
0 0.1479 0.35155 0.05114 0.06613
0 0.28334 0.26009 0.04038 0.05475
0 0.33259 0.15793 0.02277 0.0284
2 0.21608 0.13259 0.03426 0.0794
2 0.26074 0.13603 0.02895 0.06816
2 0.24657 0.16938 0.0312 0.08266
2 0.25768 0.18696 0.03303 0.07867
2 0.44768 0.259 0.04464 0.10441
2 0.38014 0.28484 0.06754 0.10702
0 0.17177 0.15493 0.01824 0.02728
0 0.29559 0.52718 0.06801 0.0971
0 0.25101 0.61927 0.08668 0.13969
0 0.51009 0.26654 0.04625 0.06699
0 0.50238 0.47253 0.06362 0.0857
0 0.5676 0.32658 0.05163 0.07569
0 0.75489 0.51287 0.07606 0.11485
0 0.74065 0.63346 0.08516 0.11381
0 0.72567 0.8321 0.10513 0.16131
0 0.99092 0.41616 0.01815 0.07102
0 0.85722 0.33345 0.04902 0.06094
0 0.81038 0.35587 0.05328 0.066
0 0.65792 0.24784 0.04044 0.05793
0 0.52103 0.17065 0.02878 0.03979
