0 0.98653 0.36119 0.02694 0.07357
2 0.5894 0.56392 0.13708 0.26255
2 0.36002 0.15291 0.04692 0.10952
2 0.53164 0.1633 0.02883 0.04922
0 0.58873 0.23764 0.03853 0.05581
2 0.62854 0.16203 0.04224 0.06799
2 0.42072 0.30734 0.08633 0.18794
2 0.20799 0.23961 0.03691 0.06634
1 0.14163 0.14803 0.04078 0.09027
2 0.40969 0.54931 0.07293 0.12398
0 0.0641 0.88123 0.1282 0.17857
2 0.29955 0.17362 0.03079 0.06925
0 0.18203 0.15495 0.02483 0.03105
0 0.22924 0.16206 0.03065 0.04106
0 0.39979 0.17302 0.02999 0.03689
0 0.45975 0.2935 0.04206 0.06999
0 0.73926 0.48132 0.06876 0.10223
2 0.54014 0.81166 0.18805 0.37669
2 0.33987 0.20586 0.05384 0.11442
2 0.62767 0.47449 0.07855 0.12094
0 0.70119 0.2077 0.0334 0.04262
0 0.82549 0.36094 0.0508 0.06292
