2 0.28729 0.15662 0.02855 0.05293
0 0.35493 0.15494 0.02424 0.03751
2 0.25173 0.14998 0.02799 0.06404
0 0.16202 0.16026 0.02729 0.03322
0 0.20505 0.22465 0.03526 0.04809
0 0.40947 0.24896 0.03585 0.05286
0 0.53871 0.30031 0.04351 0.06556
0 0.24665 0.35532 0.05159 0.0678
0 0.2132 0.1562 0.01672 0.03112
0 0.27429 0.55684 0.07268 0.1031
0 0.32705 0.16211 0.02592 0.03474
0 0.14696 0.27963 0.04248 0.05488
0 0.46776 0.16344 0.02381 0.03083
0 0.16131 0.42693 0.06158 0.09426
0 0.26217 0.49461 0.06526 0.08737
0 0.53777 0.91359 0.11423 0.16392
0 0.63012 0.66301 0.09162 0.14304
0 0.53441 0.51943 0.06681 0.09354
0 0.40129 0.47831 0.0673 0.10528
2 0.25428 0.64636 0.08604 0.14879
2 0.31533 0.19976 0.03324 0.05728
0 0.50816 0.18253 0.03001 0.04698
0 0.55743 0.18559 0.02836 0.04184
0 0.54752 0.21018 0.03441 0.04845
0 0.61767 0.22359 0.0362 0.04454
0 0.67397 0.19606 0.034 0.05261
0 0.73126 0.35102 0.05096 0.07435
0 0.40727 0.17917 0.03042 0.04199
0 0.98097 0.47741 0.03807 0.08281
0 0.92359 0.50033 0.07157 0.08989
2 0.91734 0.35813 0.06026 0.09232
0 0.77042 0.32036 0.04995 0.06871
