2 0.62238 0.16568 0.05538 0.09184
0 0.1776 0.15107 0.01926 0.03717
0 0.3625 0.15556 0.025 0.03796
0 0.34451 0.24414 0.03471 0.0514
0 0.53255 0.28989 0.04297 0.06486
0 0.53619 0.36682 0.0473 0.06626
0 0.20823 0.2345 0.03934 0.05782
0 0.71862 0.48282 0.06679 0.0861
0 0.84069 0.59887 0.08296 0.10745
0 0.46296 0.66644 0.08291 0.11752
0 0.24731 0.18944 0.02701 0.04985
2 0.33434 0.15801 0.02984 0.05473
2 0.41578 0.2996 0.09005 0.20317
2 0.45628 0.26828 0.03744 0.06395
2 0.30958 0.2702 0.06852 0.15966
2 0.28048 0.22343 0.05486 0.13486
2 0.31511 0.16875 0.04435 0.08943
2 0.27899 0.13718 0.03569 0.09517
2 0.25232 0.1482 0.02787 0.06707
2 0.73744 0.60731 0.08774 0.13344
0 0.53001 0.17646 0.02795 0.03915
0 0.61118 0.25894 0.03965 0.04828
0 0.5927 0.20856 0.03426 0.04161
