1 0.71392 0.56562 0.05017 0.06519
0 0.51661 0.69144 0.03147 0.05157
2 0.56128 0.57497 0.02691 0.04217
0 0.60161 0.77759 0.04307 0.07378
0 0.5189 0.88512 0.05442 0.09772
0 0.50698 0.80887 0.04713 0.07809
2 0.68705 0.69449 0.06388 0.11139
0 0.51046 0.74607 0.03835 0.06411
0 0.76268 0.64508 0.0355 0.04229
2 0.65287 0.51452 0.03273 0.04617
2 0.70808 0.52474 0.03965 0.04827
0 0.59008 0.57508 0.01969 0.02934
0 0.63311 0.58985 0.02265 0.02975
0 0.52792 0.65873 0.0277 0.04181
2 0.52565 0.59595 0.03186 0.08329
2 0.4922 0.49116 0.01573 0.04181
