0 0.142 0.19167 0.03128 0.04594
0 0.15994 0.15107 0.02348 0.03776
0 0.22779 0.15915 0.02229 0.03252
0 0.23547 0.16387 0.02419 0.03567
0 0.26421 0.20888 0.03003 0.04632
0 0.27143 0.22475 0.03257 0.05941
0 0.27866 0.25433 0.03399 0.05413
0 0.28 0.26705 0.03158 0.05841
0 0.28736 0.16609 0.0262 0.03777
0 0.33211 0.15463 0.02053 0.02995
0 0.34486 0.15463 0.02223 0.03247
0 0.35286 0.17981 0.02719 0.03903
0 0.40101 0.16987 0.02577 0.03675
2 0.34306 0.22183 0.03756 0.06314
2 0.52749 0.73512 0.13883 0.34532
2 0.56281 0.80342 0.1912 0.39316
2 0.52609 0.92429 0.15426 0.15143
2 0.69303 0.65597 0.18774 0.41226
0 0.36346 0.25537 0.04299 0.07281
0 0.37501 0.29554 0.04129 0.0571
0 0.3407 0.35928 0.04507 0.062
0 0.34559 0.39788 0.04548 0.07395
2 0.18235 0.15564 0.03202 0.05366
2 0.47111 0.74318 0.0863 0.2256
2 0.27261 0.21125 0.03446 0.05982
2 0.32394 0.18828 0.0323 0.05264
0 0.49923 0.175 0.02954 0.03278
0 0.52589 0.19687 0.03211 0.04056
2 0.56342 0.17832 0.03281 0.05241
0 0.57363 0.22828 0.03694 0.04792
0 0.64113 0.25167 0.04195 0.05587
2 0.82395 0.29891 0.05137 0.07971
2 0.98319 0.52491 0.03362 0.13822
2 0.29592 0.1315 0.0487 0.0931
2 0.25746 0.16156 0.04751 0.12
2 0.30272 0.27037 0.05628 0.12791
2 0.37883 0.18924 0.03377 0.05699
2 0.40271 0.44583 0.08415 0.20222
2 0.42428 0.48981 0.11713 0.27514
0 0.86977 0.6142 0.08633 0.12216
0 0.45261 0.674 0.08051 0.144
0 0.43976 0.60026 0.06362 0.11137
0 0.51809 0.47087 0.06289 0.08614
0 0.55688 0.39388 0.06069 0.1018
0 0.561 0.32121 0.0469 0.06453
0 0.4599 0.29282 0.04184 0.06569
0 0.2133 0.15746 0.0209 0.02822
0 0.36232 0.42617 0.04996 0.08991
2 0.31972 0.3077 0.06711 0.10441
0 0.17264 0.4998 0.06984 0.10785
0 0.14521 0.33177 0.04996 0.07009
0 0.21287 0.28073 0.04248 0.05538
0 0.14572 0.23079 0.03705 0.05581
0 0.1803 0.17614 0.02761 0.03755
