2 0.57274 0.43085 0.06402 0.1018
2 0.61182 0.18603 0.04396 0.08321
2 0.68112 0.21857 0.061 0.11753
0 0.1465 0.25126 0.03982 0.05208
0 0.14257 0.19163 0.03377 0.04181
0 0.14925 0.16497 0.02403 0.0456
0 0.3429 0.16374 0.03024 0.04298
0 0.36273 0.15835 0.02369 0.03249
0 0.23604 0.1722 0.03039 0.04545
0 0.21671 0.15297 0.02518 0.03427
0 0.64935 0.41395 0.06019 0.07742
0 0.17954 0.15165 0.02419 0.03514
0 0.08063 0.87194 0.10424 0.14747
0 0.53292 0.17592 0.02759 0.03665
0 0.58634 0.17239 0.02696 0.04581
2 0.40182 0.22213 0.0367 0.06344
2 0.30432 0.14854 0.04507 0.10369
2 0.26394 0.14002 0.03365 0.062
0 0.49479 0.34224 0.04671 0.07395
0 0.2699 0.49665 0.06486 0.10196
0 0.78173 0.68561 0.0928 0.13469
0 0.52581 0.82568 0.10162 0.14773
0 0.53643 0.52286 0.07189 0.11031
0 0.41446 0.55265 0.06982 0.09843
0 0.58871 0.71108 0.09516 0.14957
0 0.46183 0.22276 0.03524 0.05406
0 0.33414 0.23577 0.0352 0.04948
0 0.32416 0.20447 0.0351 0.05157
0 0.16365 0.41193 0.05882 0.09326
0 0.15152 0.33091 0.04868 0.06627
2 0.36389 0.26981 0.04446 0.10513
2 0.28996 0.25983 0.04018 0.06996
2 0.68303 0.1566 0.0568 0.1025
