0 0.43129 0.58532 0.08089 0.12144
0 0.288 0.15972 0.0194 0.02861
0 0.33717 0.16912 0.02073 0.03645
0 0.13981 0.17161 0.03186 0.05141
0 0.16465 0.15556 0.02042 0.03189
0 0.17432 0.15776 0.02325 0.03042
0 0.23333 0.16395 0.02584 0.03483
0 0.27563 0.23616 0.03739 0.05084
0 0.34887 0.1566 0.02073 0.02931
0 0.41855 0.1847 0.02753 0.04199
0 0.4318 0.19543 0.03365 0.04894
0 0.4239 0.26023 0.03959 0.05468
0 0.47242 0.23848 0.03807 0.04984
0 0.52297 0.27835 0.04775 0.06737
0 0.38837 0.4963 0.06679 0.09306
0 0.46246 0.69282 0.08803 0.12602
0 0.60009 0.47138 0.0729 0.11782
0 0.83276 0.58934 0.08246 0.11745
0 0.96804 0.74126 0.06393 0.16706
0 0.83961 0.75797 0.09779 0.13677
0 0.63141 0.69894 0.08721 0.12326
0 0.50036 0.84348 0.10289 0.15097
0 0.52115 0.95541 0.12404 0.08918
1 0.18174 0.13828 0.03161 0.07011
2 0.15641 0.25095 0.04547 0.10876
2 0.21107 0.13784 0.02549 0.0638
2 0.31843 0.16449 0.05139 0.12507
2 0.3686 0.18841 0.03222 0.05692
2 0.37876 0.29164 0.04674 0.07744
0 0.96285 0.51889 0.07429 0.1096
0 0.77448 0.38129 0.05735 0.08036
0 0.78626 0.28277 0.04238 0.0609
0 0.67351 0.3073 0.04807 0.0592
0 0.59368 0.24021 0.04236 0.06306
2 0.5883 0.184 0.0341 0.06469
0 0.55682 0.17192 0.02429 0.03641
0 0.46631 0.16388 0.02262 0.03218
0 0.53291 0.17615 0.0269 0.0398
2 0.51758 0.14594 0.03616 0.06385
