2 0.96934 0.34096 0.06132 0.20677
2 0.57336 0.15494 0.04043 0.06598
0 0.61748 0.21605 0.0364 0.05117
0 0.67111 0.30188 0.04757 0.05708
0 0.79129 0.38946 0.05822 0.08044
1 0.41062 0.20364 0.05485 0.1113
2 0.24786 0.32727 0.04869 0.12442
2 0.32807 0.20878 0.04215 0.06737
2 0.25689 0.15063 0.02153 0.03978
0 0.22613 0.16502 0.02771 0.03117
0 0.17405 0.15217 0.02339 0.03116
0 0.36791 0.19292 0.03206 0.04335
0 0.22176 0.15709 0.02152 0.02934
0 0.54534 0.8715 0.11447 0.18831
0 0.49754 0.63313 0.08728 0.11021
0 0.12461 0.62817 0.08072 0.11148
0 0.16524 0.44991 0.06656 0.11434
0 0.1612 0.40997 0.05674 0.06521
0 0.15943 0.29819 0.04384 0.05696
0 0.20934 0.25686 0.03859 0.05075
0 0.25712 0.19951 0.02954 0.04512
0 0.38107 0.1559 0.02536 0.03383
0 0.21425 0.15471 0.02095 0.03005
0 0.31958 0.15856 0.02744 0.03374
