0 0.30808 0.15748 0.02365 0.02895
2 0.33312 0.29938 0.07586 0.18097
2 0.28887 0.23483 0.058 0.15095
0 0.25442 0.19204 0.03059 0.04925
2 0.23658 0.30395 0.07121 0.17793
0 0.986 0.48146 0.028 0.08271
0 0.72376 0.34294 0.05253 0.06943
0 0.6543 0.28974 0.04601 0.06308
0 0.71912 0.24974 0.04004 0.05074
0 0.68523 0.22437 0.03528 0.04863
0 0.63122 0.23265 0.03628 0.04546
0 0.56817 0.17273 0.02544 0.03257
0 0.57726 0.23205 0.03898 0.0567
0 0.53389 0.20237 0.02859 0.04375
0 0.58246 0.193 0.03188 0.04434
1 0.49442 0.14752 0.05195 0.08474
2 0.33484 0.57468 0.13067 0.32777
0 0.33308 0.15567 0.02333 0.03086
2 0.07268 0.58868 0.14536 0.31844
2 0.48566 0.67822 0.12052 0.28567
2 0.53447 0.82575 0.15469 0.22365
0 0.22506 0.16219 0.02015 0.03144
0 0.23012 0.17031 0.02287 0.04213
0 0.23944 0.175 0.02459 0.04225
0 0.25568 0.20123 0.0214 0.03709
0 0.25577 0.20561 0.02316 0.0338
0 0.25673 0.21001 0.02396 0.03551
0 0.2588 0.22017 0.02762 0.04313
0 0.3257 0.19176 0.02819 0.04283
0 0.35893 0.23568 0.02909 0.05638
0 0.39291 0.29541 0.04386 0.07098
0 0.3782 0.15881 0.02688 0.04065
0 0.40242 0.17418 0.02942 0.03846
0 0.45044 0.2138 0.03434 0.04632
0 0.167 0.15586 0.0259 0.0373
0 0.18491 0.18354 0.03007 0.04429
0 0.18626 0.21457 0.03803 0.05653
0 0.13647 0.16652 0.02744 0.03811
0 0.13491 0.20529 0.03639 0.05114
0 0.20602 0.26346 0.03206 0.05
0 0.14055 0.29286 0.04401 0.05405
0 0.14928 0.41239 0.05688 0.07301
0 0.14796 0.51855 0.0524 0.0934
0 0.52858 0.36288 0.05157 0.07679
0 0.55165 0.32319 0.05368 0.0814
0 0.42603 0.3576 0.04909 0.06797
0 0.47415 0.42212 0.05906 0.07503
0 0.34146 0.38784 0.04843 0.07149
0 0.36624 0.40911 0.0592 0.08233
0 0.38254 0.47281 0.04841 0.0783
0 0.41092 0.52104 0.06783 0.09219
0 0.40944 0.5652 0.0609 0.09643
0 0.54813 0.5114 0.07529 0.1221
0 0.63047 0.38866 0.05232 0.07641
0 0.76422 0.51306 0.07407 0.10775
0 0.70361 0.58406 0.0735 0.09114
0 0.564 0.95031 0.12228 0.09939
0 0.25451 0.17165 0.02498 0.0435
0 0.30175 0.1718 0.02226 0.03656
2 0.2766 0.13978 0.03926 0.09698
2 0.2252 0.15232 0.02464 0.04179
2 0.21911 0.13759 0.03116 0.06672
