0 0.29396 0.15168 0.02105 0.03724
0 0.96863 0.52432 0.06273 0.09679
0 0.46202 0.15807 0.01998 0.03679
0 0.68376 0.21943 0.03903 0.05623
0 0.25499 0.15719 0.02191 0.0282
0 0.33377 0.36657 0.05693 0.08549
0 0.27026 0.23031 0.03583 0.04985
0 0.25206 0.19658 0.03229 0.04381
0 0.15285 0.31696 0.04673 0.06133
0 0.62668 0.15875 0.0628 0.12517
0 0.14068 0.20279 0.03517 0.05035
0 0.28222 0.25436 0.04022 0.05212
2 0.16706 0.47557 0.06298 0.1165
2 0.31314 0.30038 0.04503 0.08278
2 0.30035 0.17006 0.02874 0.04657
2 0.31576 0.153 0.02336 0.04255
0 0.048 0.73754 0.096 0.14032
0 0.12807 0.611 0.08034 0.13907
0 0.22709 0.70998 0.08528 0.13156
0 0.43154 0.60439 0.07464 0.10963
0 0.46445 0.67878 0.08565 0.12355
0 0.48538 0.77536 0.09715 0.13834
0 0.50422 0.84236 0.11183 0.15314
2 0.51755 0.93814 0.12089 0.12371
0 0.70336 0.76658 0.10807 0.18846
0 0.87589 0.75565 0.13109 0.26436
0 0.91923 0.65887 0.08668 0.14095
0 0.72444 0.473 0.06465 0.09027
0 0.60158 0.46629 0.06199 0.08773
0 0.49819 0.46937 0.06077 0.10042
0 0.27629 0.47161 0.06274 0.09711
0 0.17209 0.15485 0.019 0.02958
0 0.18562 0.15944 0.02988 0.04707
0 0.17903 0.1748 0.02889 0.03499
0 0.23658 0.16168 0.02805 0.04091
0 0.3788 0.15965 0.03019 0.0465
0 0.39214 0.21922 0.03253 0.04794
