2 0.44003 0.51427 0.11805 0.30508
2 0.62545 0.17116 0.02641 0.04909
0 0.60702 0.18702 0.02711 0.04191
1 0.53126 0.14813 0.04923 0.08077
0 0.81295 0.58194 0.0848 0.10694
0 0.5796 0.43527 0.06019 0.0788
0 0.29258 0.17154 0.02695 0.04074
0 0.33271 0.16093 0.02738 0.03992
0 0.31959 0.16064 0.02213 0.03643
0 0.30509 0.15197 0.02131 0.03569
0 0.17323 0.15461 0.0238 0.02885
0 0.16339 0.15951 0.02203 0.0313
0 0.1476 0.15755 0.0274 0.04441
0 0.18597 0.20667 0.03245 0.04259
0 0.20668 0.24013 0.03635 0.0449
0 0.20674 0.2738 0.04213 0.06021
0 0.23813 0.36318 0.05039 0.06819
0 0.21506 0.31985 0.04531 0.06126
0 0.15717 0.47011 0.06457 0.08383
2 0.22741 0.13674 0.03101 0.08006
2 0.23668 0.15461 0.03257 0.07553
2 0.24497 0.16606 0.02818 0.0778
2 0.26564 0.14366 0.02875 0.04959
2 0.28773 0.14063 0.02592 0.06369
0 0.33442 0.38045 0.04119 0.08629
2 0.2698 0.22543 0.03059 0.06394
2 0.31992 0.1895 0.03202 0.06598
2 0.43305 0.25888 0.0416 0.06831
2 0.37714 0.24931 0.05506 0.12833
2 0.36683 0.38977 0.08369 0.22396
2 0.32674 0.5741 0.12545 0.3032
0 0.77533 0.81621 0.17455 0.36757
0 0.40592 0.23561 0.02888 0.04569
0 0.3166 0.32697 0.04013 0.08135
0 0.52394 0.79618 0.10219 0.12164
0 0.48824 0.716 0.09601 0.15332
0 0.45567 0.68642 0.07166 0.11984
0 0.32752 0.34781 0.04286 0.07284
2 0.21863 0.13497 0.0313 0.06948
0 0.2774 0.21365 0.02761 0.05917
2 0.52644 0.91409 0.23899 0.17181
0 0.30487 0.31937 0.04308 0.06277
0 0.30015 0.29456 0.04245 0.05594
0 0.29568 0.27715 0.04171 0.05202
0 0.27948 0.24588 0.04376 0.05892
0 0.26168 0.2096 0.0298 0.04966
0 0.25323 0.19823 0.03019 0.05106
0 0.94177 0.89835 0.11646 0.15705
