0 0.58682 0.20085 0.02927 0.0411
2 0.30871 0.15466 0.02101 0.04132
2 0.29726 0.15169 0.01869 0.03475
0 0.95018 0.73516 0.09964 0.13156
2 0.72324 0.9086 0.11713 0.18281
2 0.46427 0.39832 0.06026 0.10336
2 0.38745 0.42244 0.09691 0.20547
2 0.34092 0.15593 0.02835 0.06127
0 0.17228 0.16779 0.02622 0.03442
0 0.20524 0.25033 0.03944 0.04982
0 0.19323 0.19029 0.03032 0.04211
0 0.21825 0.15628 0.01848 0.02944
0 0.5257 0.8758 0.10424 0.15348
0 0.23339 0.1714 0.02424 0.03752
0 0.24496 0.18561 0.03278 0.04747
0 0.26719 0.21731 0.0341 0.05307
0 0.26775 0.15636 0.01853 0.02961
0 0.29536 0.16981 0.02889 0.04381
0 0.31176 0.19005 0.02974 0.04139
0 0.28283 0.25688 0.04038 0.06177
0 0.30008 0.29843 0.04405 0.06047
0 0.23621 0.35346 0.04992 0.06526
0 0.15693 0.38565 0.05285 0.07308
0 0.15656 0.42981 0.06436 0.10919
0 0.36242 0.1597 0.02223 0.03444
0 0.36558 0.19233 0.03018 0.04169
0 0.41014 0.17946 0.02794 0.03915
0 0.38852 0.21898 0.03487 0.05221
0 0.47641 0.24762 0.03976 0.05003
0 0.42278 0.30544 0.04547 0.05547
0 0.33437 0.36129 0.04649 0.06177
0 0.33339 0.39153 0.04552 0.07091
0 0.35284 0.41806 0.04576 0.07874
0 0.25655 0.41676 0.05678 0.09093
0 0.06133 0.7205 0.10078 0.12968
0 0.57293 0.33401 0.04992 0.07266
0 0.52351 0.52844 0.08281 0.11778
0 0.67995 0.44331 0.06056 0.07794
0 0.65436 0.52017 0.07056 0.09535
0 0.50576 0.77046 0.09135 0.13486
0 0.4613 0.68762 0.08769 0.11928
0 0.44764 0.63306 0.07953 0.10803
0 0.42092 0.562 0.07505 0.11529
0 0.39798 0.52992 0.0573 0.09027
1 0.18307 0.14044 0.03729 0.08144
0 0.93103 0.8628 0.1019 0.15087
0 0.54126 0.93712 0.11306 0.12577
2 0.96578 0.38464 0.06451 0.08372
0 0.53276 0.19459 0.03053 0.04052
