2 0.65654 0.67011 0.03831 0.05306
2 0.51003 0.53504 0.02109 0.05156
1 0.44736 0.55395 0.03823 0.06228
0 0.50237 0.69412 0.02832 0.05612
1 0.5264 0.49112 0.01672 0.03321
0 0.52071 0.61799 0.02409 0.03182
0 0.51942 0.58131 0.01994 0.0302
0 0.63265 0.59168 0.02341 0.03007
0 0.38401 0.62012 0.03057 0.03537
0 0.56266 0.58052 0.01764 0.02822
0 0.51777 0.56813 0.01807 0.02781
0 0.50532 0.74561 0.03816 0.06574
0 0.50181 0.81582 0.05155 0.10574
0 0.51981 0.9358 0.05744 0.11873
0 0.84923 0.81376 0.07051 0.08112
0 0.77597 0.9825 0.0668 0.03499
2 0.61562 0.60807 0.0276 0.0424
0 0.52135 0.6387 0.02596 0.03339
0 0.51727 0.66799 0.02901 0.04441
2 0.75133 0.547 0.05153 0.06695
2 0.64846 0.51406 0.03013 0.04334
