2 0.57562 0.4068 0.06289 0.09702
2 0.42364 0.48809 0.11664 0.27502
2 0.39986 0.43328 0.07611 0.17415
2 0.23023 0.3148 0.05609 0.09449
2 0.18664 0.1466 0.0257 0.05394
2 0.2647 0.18249 0.04772 0.13094
2 0.32526 0.2993 0.06216 0.13051
0 0.41248 0.24429 0.03696 0.05363
0 0.31646 0.15266 0.0213 0.02903
0 0.35891 0.15564 0.02383 0.02829
0 0.29926 0.16659 0.02492 0.05595
0 0.35246 0.16885 0.02971 0.04262
0 0.40448 0.17155 0.03353 0.04602
0 0.38297 0.19564 0.02534 0.05706
0 0.31081 0.18393 0.02998 0.04153
0 0.22075 0.15556 0.02415 0.0298
0 0.18452 0.17527 0.03002 0.03794
0 0.13845 0.16972 0.02798 0.03643
0 0.13143 0.17604 0.02874 0.03777
0 0.13992 0.23311 0.04013 0.06259
0 0.27482 0.24144 0.028 0.05122
0 0.77381 0.68165 0.09937 0.14884
0 0.79671 0.54048 0.07576 0.10077
0 0.54423 0.55436 0.06876 0.09657
0 0.50985 0.36068 0.05016 0.07047
0 0.51266 0.26685 0.04135 0.06264
0 0.48391 0.23965 0.03671 0.05612
0 0.45489 0.67365 0.08565 0.14487
0 0.45684 0.63515 0.0602 0.09657
0 0.4462 0.5973 0.0761 0.10963
0 0.0163 0.93962 0.0326 0.12076
0 0.0701 0.70493 0.0878 0.14147
0 0.15499 0.50297 0.06442 0.1
0 0.25449 0.4415 0.05914 0.08218
0 0.37039 0.44316 0.0554 0.0867
0 0.35287 0.41038 0.04962 0.07553
0 0.35501 0.38319 0.04707 0.06465
0 0.3023 0.30848 0.04206 0.06772
0 0.29707 0.28986 0.03979 0.06621
0 0.28014 0.25738 0.03512 0.06269
0 0.37226 0.2745 0.03922 0.05161
0 0.34153 0.23069 0.03526 0.04456
2 0.44884 0.2347 0.07292 0.16836
2 0.40149 0.308 0.04674 0.07657
2 0.33701 0.34585 0.07586 0.11484
2 0.55398 0.16589 0.02761 0.04482
0 0.48215 0.15913 0.02619 0.0372
0 0.57563 0.23229 0.03522 0.0482
0 0.62177 0.1938 0.03332 0.04229
2 0.68326 0.19571 0.04165 0.09853
2 0.68469 0.16886 0.06068 0.09303
2 0.92248 0.3002 0.08392 0.11772
2 0.90477 0.39535 0.06568 0.09794
0 0.81172 0.35754 0.05369 0.06394
2 0.55176 0.82019 0.19282 0.35963
2 0.53907 0.74726 0.14512 0.31303
2 0.48255 0.76149 0.09853 0.22929
2 0.6456 0.51047 0.07693 0.12216
2 0.47272 0.39593 0.05521 0.10703
