2 0.3523 0.20371 0.05751 0.11131
0 0.48539 0.25184 0.04159 0.06022
0 0.41211 0.24392 0.03796 0.04674
0 0.42495 0.35635 0.04909 0.06497
0 0.51123 0.2814 0.04009 0.06204
0 0.54263 0.30184 0.0448 0.05828
0 0.49959 0.45938 0.0592 0.08094
0 0.79456 0.39527 0.05994 0.07869
2 0.70838 0.18956 0.04579 0.08704
2 0.65427 0.18973 0.05094 0.0747
0 0.62899 0.22656 0.03489 0.05109
0 0.61591 0.18462 0.02973 0.04617
1 0.55605 0.16044 0.05114 0.09311
0 0.49649 0.17317 0.02953 0.04722
2 0.73973 0.85545 0.11755 0.19094
2 0.63866 0.48611 0.05586 0.12029
2 0.18332 0.13479 0.0379 0.09155
2 0.21736 0.14361 0.02407 0.05186
0 0.25567 0.15048 0.02011 0.03272
2 0.28519 0.14687 0.03018 0.06924
2 0.29773 0.15249 0.03487 0.07903
2 0.28326 0.21484 0.05811 0.14719
2 0.45453 0.21423 0.03793 0.06744
2 0.33048 0.30756 0.06289 0.12833
2 0.34296 0.35869 0.07806 0.11746
0 0.38053 0.4788 0.04405 0.06562
2 0.42421 0.48995 0.11452 0.27199
2 0.49575 0.78966 0.0922 0.21613
2 0.55536 0.79907 0.15688 0.36985
2 0.53697 0.83376 0.19917 0.33248
2 0.9241 0.78148 0.1518 0.43704
0 0.36048 0.39216 0.04405 0.05965
0 0.35817 0.41908 0.05497 0.07693
0 0.37592 0.44156 0.06075 0.08761
0 0.31071 0.31669 0.04852 0.06673
0 0.30399 0.30132 0.0472 0.06862
0 0.29592 0.28268 0.04171 0.06631
0 0.28756 0.27361 0.03696 0.05259
0 0.26285 0.23087 0.03016 0.04779
0 0.24794 0.18427 0.03032 0.03948
0 0.23643 0.16293 0.02548 0.03846
0 0.21734 0.15149 0.02483 0.03656
0 0.15703 0.15695 0.02624 0.03774
0 0.22548 0.29956 0.04356 0.05822
0 0.22691 0.38016 0.0533 0.06941
0 0.15576 0.41469 0.05674 0.07447
0 0.15749 0.55681 0.07902 0.13353
0 0.44812 0.60465 0.07789 0.11531
0 0.46311 0.64828 0.07238 0.09808
0 0.46869 0.69685 0.08978 0.14627
0 0.5594 0.564 0.07258 0.10507
0 0.65518 0.41504 0.06176 0.09004
0 0.73825 0.48219 0.07435 0.10574
0 0.58229 0.35396 0.05582 0.08088
0 0.32114 0.15613 0.03048 0.04429
0 0.40514 0.17545 0.0308 0.03752
0 0.435 0.19529 0.03459 0.04129
