2 0.81177 0.53887 0.08251 0.1326
2 0.55096 0.38692 0.05708 0.09522
2 0.45722 0.34839 0.09444 0.21112
2 0.40243 0.44988 0.08492 0.18856
2 0.82278 0.94313 0.14166 0.11373
0 0.36404 0.15633 0.02645 0.03986
2 0.72309 0.21313 0.05947 0.10613
0 0.64736 0.28069 0.0436 0.05197
0 0.58178 0.19229 0.03072 0.04144
0 0.96816 0.392 0.06367 0.09388
0 0.5115 0.18291 0.03188 0.03846
0 0.54206 0.20083 0.03155 0.04555
2 0.50252 0.13667 0.03973 0.06881
0 0.97399 0.45289 0.05202 0.07357
0 0.35599 0.17687 0.02787 0.04139
0 0.37477 0.19938 0.03314 0.05196
0 0.33144 0.21947 0.03585 0.05167
0 0.30153 0.17733 0.03042 0.04834
0 0.23559 0.16117 0.02804 0.04139
0 0.24358 0.18201 0.02702 0.03595
0 0.26227 0.21479 0.03449 0.04773
0 0.51038 0.26926 0.04234 0.06394
0 0.14102 0.22983 0.03526 0.05836
0 0.14805 0.35094 0.05404 0.08012
0 0.24314 0.37334 0.05555 0.08744
0 0.60962 0.47794 0.06754 0.09919
0 0.70051 0.58737 0.07782 0.11012
0 0.8118 0.72727 0.09074 0.12894
0 0.97204 0.75411 0.05591 0.1326
0 0.05727 0.68868 0.09937 0.1541
0 0.16968 0.78609 0.10853 0.13219
0 0.36225 0.94048 0.11834 0.11904
2 0.29472 0.26792 0.05537 0.07758
0 0.32805 0.34677 0.05604 0.09187
2 0.27461 0.14169 0.03182 0.07048
1 0.18551 0.14978 0.03524 0.09309
1 0.19616 0.16913 0.04674 0.10832
2 0.20546 0.21064 0.03569 0.08411
2 0.06892 0.86959 0.13783 0.18794
2 0.51995 0.47963 0.06695 0.11777
0 0.31955 0.15811 0.02549 0.03298
0 0.40629 0.17322 0.02903 0.03953
0 0.43582 0.20041 0.03427 0.04356
0 0.45947 0.22331 0.03541 0.04959
0 0.26882 0.24198 0.03331 0.05136
0 0.84213 0.37445 0.05542 0.07019
