2 0.26125 0.14644 0.02427 0.05619
0 0.10515 0.64263 0.08174 0.11748
0 0.29097 0.58816 0.076 0.10805
0 0.16419 0.49634 0.06337 0.10175
0 0.64318 0.51318 0.07104 0.09273
0 0.69405 0.44343 0.06207 0.07826
0 0.7021 0.27761 0.04474 0.05793
0 0.46769 0.16049 0.02453 0.03679
2 0.62408 0.16133 0.05473 0.09092
0 0.59545 0.35504 0.05141 0.06848
0 0.39651 0.497 0.06458 0.08987
0 0.2592 0.40566 0.05995 0.09253
2 0.77357 0.24696 0.06877 0.11418
2 0.95916 0.30637 0.08168 0.11797
0 0.99377 0.41166 0.01246 0.0833
0 0.94078 0.43725 0.06591 0.08795
0 0.80509 0.33661 0.05664 0.07527
0 0.77964 0.38037 0.06187 0.08922
0 0.70376 0.33384 0.05045 0.06305
0 0.34997 0.17727 0.03221 0.04398
0 0.30728 0.18699 0.03294 0.04768
0 0.14725 0.16143 0.02888 0.0414
0 0.39892 0.22266 0.03983 0.05449
0 0.2697 0.23554 0.03456 0.04795
0 0.34275 0.35971 0.05237 0.08071
0 0.21256 0.26426 0.0372 0.05245
0 0.49326 0.25434 0.03859 0.05329
0 0.48053 0.31738 0.04853 0.07154
0 0.53634 0.29137 0.04449 0.06482
0 0.16949 0.15428 0.02655 0.03147
0 0.35842 0.15769 0.02634 0.03142
0 0.22188 0.14972 0.02302 0.03981
0 0.23413 0.16439 0.02697 0.03375
0 0.19597 0.16763 0.03173 0.04158
0 0.40042 0.17445 0.02903 0.03679
0 0.33381 0.16253 0.02868 0.04238
0 0.34686 0.23839 0.03757 0.06003
0 0.28932 0.15915 0.01844 0.03206
0 0.30581 0.15337 0.02076 0.03169
2 0.30226 0.27314 0.04344 0.10441
