0 0.62701 0.39262 0.05922 0.09179
0 0.68198 0.56043 0.06636 0.10389
0 0.69769 0.7541 0.09837 0.15609
0 0.90589 0.65022 0.09073 0.13103
0 0.84246 0.75228 0.10424 0.16183
0 0.03308 0.76407 0.06617 0.16131
0 0.3603 0.898 0.11061 0.16009
0 0.31176 0.30918 0.04919 0.0757
0 0.34345 0.39162 0.05335 0.06918
0 0.43301 0.2039 0.03377 0.0435
0 0.4543 0.2226 0.03573 0.05394
2 0.29184 0.14647 0.04087 0.08005
2 0.17455 0.15092 0.02362 0.04381
1 0.26857 0.50812 0.10808 0.26522
1 0.26397 0.37432 0.08751 0.18532
0 0.25697 0.15737 0.01911 0.03231
0 0.22388 0.1567 0.0211 0.02921
0 0.26551 0.15632 0.02365 0.04356
0 0.29879 0.28329 0.04135 0.06134
0 0.40349 0.17576 0.02569 0.03662
0 0.23032 0.165 0.02294 0.03575
0 0.43276 0.26828 0.03964 0.05307
0 0.33477 0.16217 0.02651 0.0406
0 0.30805 0.18881 0.03018 0.0388
0 0.42983 0.59173 0.07635 0.10485
0 0.38297 0.48471 0.06387 0.09441
0 0.55392 0.16666 0.03044 0.04609
0 0.95645 0.37596 0.06309 0.08673
2 0.3802 0.25587 0.06049 0.12686
2 0.38372 0.19557 0.03524 0.08249
2 0.20323 0.67528 0.09796 0.218
0 0.48868 0.33919 0.04967 0.06873
0 0.49162 0.44774 0.06289 0.09614
0 0.27774 0.26894 0.03402 0.04656
