0 0.39477 0.50787 0.05947 0.08851
0 0.49305 0.17315 0.02916 0.03809
0 0.51535 0.16981 0.0246 0.03774
0 0.5437 0.1772 0.03015 0.04479
0 0.60385 0.1765 0.03233 0.04972
2 0.98256 0.40297 0.03488 0.0798
0 0.98557 0.46701 0.02886 0.08927
0 0.44782 0.37888 0.04802 0.07066
0 0.54808 0.51898 0.06977 0.11077
0 0.28019 0.26828 0.02827 0.05174
0 0.32863 0.35491 0.03751 0.06344
0 0.42273 0.54487 0.07494 0.10876
0 0.44737 0.61889 0.06339 0.09244
0 0.47906 0.67251 0.08836 0.09879
0 0.73996 0.85366 0.11093 0.1664
0 0.82969 0.74146 0.10319 0.14501
0 0.90473 0.66061 0.09013 0.11383
0 0.22819 0.32437 0.04278 0.06067
0 0.14457 0.25021 0.04081 0.0574
0 0.14289 0.32291 0.04663 0.06585
0 0.14117 0.41055 0.06127 0.09773
0 0.13459 0.54157 0.07659 0.11414
2 0.23117 0.15277 0.02294 0.06374
2 0.27272 0.14763 0.04384 0.08429
2 0.30882 0.2591 0.07146 0.16054
2 0.4085 0.25406 0.03481 0.06254
2 0.37283 0.24488 0.07023 0.15792
2 0.37858 0.37933 0.09397 0.2224
2 0.26978 0.42501 0.09426 0.23544
2 0.38992 0.73817 0.16668 0.42286
2 0.58232 0.87457 0.18499 0.25086
0 0.48424 0.73933 0.09364 0.13152
2 0.25877 0.18473 0.02651 0.05619
2 0.2186 0.14083 0.02429 0.06344
0 0.1794 0.15462 0.02008 0.02939
0 0.19084 0.15517 0.01837 0.04189
0 0.23677 0.17484 0.02131 0.03679
0 0.24258 0.18091 0.02267 0.04407
0 0.24871 0.18569 0.02485 0.04406
0 0.25897 0.19796 0.03517 0.05015
0 0.26073 0.21096 0.03218 0.04851
0 0.2623 0.21591 0.03319 0.04327
0 0.26591 0.22414 0.03614 0.04692
0 0.27299 0.23449 0.02967 0.05478
0 0.33103 0.16232 0.02489 0.03199
0 0.33499 0.17851 0.02688 0.04399
0 0.43752 0.19946 0.03394 0.05366
0 0.49982 0.25448 0.04278 0.06804
0 0.47109 0.2968 0.04286 0.05536
0 0.69524 0.44132 0.0651 0.09844
