0 0.60656 0.55759 0.01926 0.02783
0 0.52837 0.59781 0.0229 0.03189
2 0.51052 0.69457 0.05652 0.16878
0 0.52477 0.57998 0.01947 0.02937
0 0.51923 0.86113 0.05241 0.09498
2 0.95903 0.94038 0.08193 0.11925
2 0.82856 0.85236 0.1783 0.29528
2 0.55288 0.5181 0.02535 0.05086
2 0.5732 0.55599 0.01869 0.02995
1 0.53538 0.49959 0.01643 0.03272
0 0.71598 0.93484 0.07311 0.11642
2 0.96973 0.67889 0.06054 0.12584
0 0.62449 0.70438 0.03994 0.06979
0 0.62197 0.58255 0.02246 0.02944
2 0.45805 0.55596 0.01841 0.03231
