0 0.50424 0.16235 0.02617 0.03981
2 0.79335 0.71119 0.10097 0.16057
2 0.31979 0.18022 0.03348 0.07883
2 0.24769 0.15691 0.04381 0.10571
2 0.21796 0.14429 0.02692 0.05438
0 0.77409 0.92299 0.1184 0.15402
0 0.98113 0.7611 0.03774 0.13344
0 0.53164 0.95569 0.1239 0.08861
0 0.50521 0.87869 0.11671 0.17817
0 0.48259 0.75728 0.09514 0.13982
0 0.1619 0.43216 0.06196 0.10597
0 0.13811 0.2745 0.04258 0.05586
2 0.1422 0.16398 0.02488 0.04785
0 0.20613 0.27564 0.0414 0.05583
2 0.60027 0.54565 0.14309 0.31844
0 0.4581 0.21648 0.03202 0.05582
1 0.21267 0.19932 0.05198 0.10963
0 0.65523 0.41974 0.05944 0.08372
0 0.49399 0.34209 0.04996 0.0678
0 0.36711 0.43285 0.05792 0.079
0 0.35877 0.25367 0.03997 0.05256
0 0.36262 0.15796 0.02549 0.04139
2 0.03919 0.73156 0.07838 0.28596
0 0.38183 0.21448 0.03651 0.04531
0 0.30881 0.15619 0.02161 0.03952
0 0.26894 0.15456 0.01896 0.03407
0 0.17942 0.15528 0.02223 0.029
0 0.1891 0.19171 0.02855 0.04894
0 0.99396 0.57036 0.01208 0.06555
0 0.9036 0.41686 0.06398 0.08076
2 0.831 0.26384 0.10049 0.17725
0 0.71425 0.22418 0.03628 0.04867
0 0.60216 0.24197 0.03845 0.05183
