2 0.18942 0.15305 0.02252 0.0355
2 0.5803 0.14061 0.0553 0.09479
0 0.5683 0.19063 0.03132 0.04126
0 0.72033 0.29049 0.04398 0.05638
2 0.74274 0.21896 0.07335 0.12939
0 0.84177 0.32068 0.04998 0.06805
0 0.99189 0.47725 0.01621 0.08881
2 0.33124 0.31976 0.08046 0.18219
0 0.42657 0.18394 0.03484 0.0496
0 0.38353 0.1592 0.02019 0.03371
0 0.34978 0.23225 0.03688 0.05438
0 0.30246 0.15668 0.01869 0.03096
0 0.23439 0.16468 0.02719 0.04481
0 0.18329 0.15855 0.02281 0.02808
0 0.15922 0.15562 0.02557 0.03949
0 0.18533 0.17994 0.02931 0.03898
0 0.20618 0.26869 0.04095 0.05407
0 0.30083 0.3205 0.03416 0.05981
0 0.28367 0.27563 0.03517 0.05166
0 0.08726 0.85816 0.11671 0.1526
0 0.52794 0.389 0.05811 0.08882
0 0.69648 0.45328 0.06803 0.10568
0 0.49028 0.7633 0.09485 0.13156
1 0.25788 0.55756 0.11876 0.26248
2 0.85997 0.74754 0.11569 0.25348
0 0.5402 0.93959 0.1201 0.12081
2 0.16231 0.40347 0.05547 0.10042
2 0.38968 0.2827 0.04346 0.07569
2 0.36589 0.16913 0.0394 0.08875
2 0.32863 0.20306 0.03161 0.05583
2 0.2179 0.14972 0.02278 0.04108
2 0.26725 0.19581 0.05078 0.08483
2 0.28835 0.15068 0.02488 0.06634
