2 0.55493 0.51694 0.02776 0.05816
2 0.62415 0.57081 0.03583 0.06494
2 0.62307 0.70953 0.06321 0.09335
0 0.69464 0.56909 0.02106 0.02839
2 0.76161 0.60091 0.03441 0.05481
2 0.62854 0.63728 0.0313 0.04733
2 0.72333 0.76738 0.05778 0.07794
0 0.54379 0.95574 0.07292 0.08852
0 0.54447 0.71133 0.0362 0.07311
0 0.5449 0.68641 0.03127 0.04562
0 0.53771 0.65804 0.02915 0.04386
0 0.59192 0.58141 0.01877 0.03421
0 0.52784 0.5992 0.01926 0.0316
0 0.51939 0.56657 0.01696 0.02812
2 0.54154 0.54136 0.0159 0.03526
