0 0.34195 0.38132 0.04935 0.0696
0 0.76686 0.68104 0.09226 0.11964
0 0.53781 0.38784 0.05404 0.08048
0 0.4642 0.40144 0.05078 0.07359
2 0.41039 0.4604 0.10854 0.24995
2 0.35426 0.34163 0.05751 0.08744
2 0.23974 0.15609 0.03891 0.07656
2 0.21747 0.14564 0.02325 0.05047
2 0.29871 0.14674 0.02227 0.05003
0 0.97652 0.75335 0.04696 0.12906
0 0.36672 0.44639 0.05118 0.08229
0 0.25548 0.4386 0.05752 0.08048
0 0.74327 0.50316 0.06949 0.09048
0 0.28218 0.25206 0.03895 0.05337
0 0.20966 0.25635 0.04206 0.06545
0 0.18375 0.19353 0.03527 0.05161
0 0.15429 0.16433 0.02648 0.03449
0 0.47382 0.1664 0.01974 0.03425
2 0.54291 0.14674 0.04424 0.08204
2 0.65565 0.15639 0.05285 0.10189
0 0.57414 0.20365 0.03485 0.04672
0 0.56927 0.22907 0.03667 0.0511
0 0.62369 0.22598 0.03684 0.04904
0 0.63499 0.28225 0.04184 0.05007
0 0.69545 0.27661 0.04026 0.05148
0 0.85092 0.37003 0.05394 0.08119
0 0.89217 0.47988 0.07135 0.08677
0 0.97091 0.45705 0.05818 0.08069
0 0.42412 0.25462 0.04242 0.06271
0 0.42361 0.19317 0.0312 0.04278
0 0.30251 0.1754 0.02407 0.03751
0 0.35295 0.17312 0.02991 0.03864
0 0.37963 0.16585 0.02787 0.03868
0 0.32262 0.21192 0.03382 0.04984
0 0.33163 0.15904 0.02192 0.02752
0 0.34947 0.15724 0.02124 0.03837
0 0.29026 0.18573 0.02875 0.03903
0 0.54352 0.3061 0.04466 0.06127
0 0.48724 0.32476 0.04751 0.06236
0 0.49223 0.26277 0.04037 0.05076
