2 0.63012 0.22053 0.04017 0.06174
0 0.82246 0.31395 0.04824 0.06089
0 0.84514 0.37789 0.05654 0.06901
0 0.56924 0.32653 0.04845 0.07005
0 0.48885 0.33393 0.04331 0.06221
0 0.44309 0.27411 0.04184 0.05307
2 0.25198 0.19375 0.03041 0.05366
2 0.28455 0.23686 0.04845 0.11798
2 0.30335 0.27027 0.05785 0.08979
2 0.36779 0.22298 0.0673 0.16225
0 0.62298 0.4936 0.06754 0.09031
0 0.14218 0.19487 0.03446 0.05111
0 0.23551 0.33838 0.04831 0.06619
0 0.26357 0.46114 0.06789 0.10405
0 0.2487 0.58399 0.07341 0.10223
0 0.01961 0.78397 0.03922 0.14208
0 0.32311 0.31438 0.04522 0.05847
0 0.32678 0.33736 0.04258 0.05951
0 0.3303 0.36738 0.04552 0.07779
0 0.43464 0.64126 0.07294 0.13781
0 0.44556 0.60023 0.06378 0.08832
0 0.43199 0.5595 0.07259 0.0971
0 0.35877 0.41521 0.04792 0.07431
0 0.21498 0.15475 0.0203 0.03105
0 0.27862 0.15884 0.02719 0.04079
0 0.2688 0.23578 0.03456 0.05387
2 0.24297 0.14256 0.04573 0.10456
2 0.29781 0.14938 0.01989 0.02931
0 0.88533 0.63534 0.08868 0.11381
0 0.6623 0.70085 0.08486 0.12059
0 0.69742 0.4461 0.06196 0.08301
2 0.38347 0.40089 0.0747 0.18856
2 0.40532 0.45194 0.10923 0.25057
0 0.29449 0.185 0.03059 0.04019
2 0.46484 0.71669 0.08931 0.2147
2 0.51556 0.71358 0.13153 0.32908
2 0.56074 0.80082 0.19485 0.39835
2 0.53646 0.91307 0.15392 0.17386
0 0.26515 0.22095 0.03002 0.0496
0 0.26154 0.20874 0.02931 0.05086
0 0.17208 0.15315 0.01982 0.03294
0 0.14311 0.16353 0.03057 0.03734
0 0.17698 0.15955 0.02561 0.03356
0 0.32313 0.15918 0.02294 0.03565
0 0.34182 0.16235 0.02464 0.04562
0 0.32636 0.20841 0.02702 0.04471
0 0.40636 0.17135 0.02923 0.04381
