0 0.53003 0.61621 0.01987 0.03078
0 0.51461 0.71132 0.03344 0.05594
0 0.51145 0.7529 0.03924 0.06486
0 0.51305 0.68496 0.02967 0.04895
0 0.51904 0.65887 0.02786 0.04458
0 0.5214 0.63138 0.02613 0.04067
2 0.52089 0.57463 0.0298 0.07081
0 0.51722 0.96798 0.06245 0.06404
0 0.39079 0.59272 0.02591 0.03176
0 0.58486 0.57307 0.01947 0.02919
0 0.60187 0.65839 0.02967 0.04881
0 0.65047 0.65927 0.02803 0.04298
0 0.71091 0.66917 0.0356 0.04648
0 0.50406 0.83231 0.04803 0.10155
0 0.97303 0.75806 0.05395 0.08119
2 0.7137 0.57631 0.02664 0.03806
