0 0.80253 0.91928 0.12229 0.16144
0 0.97769 0.3946 0.04461 0.0883
2 0.74367 0.19378 0.05259 0.09645
2 0.66257 0.18154 0.05544 0.10402
0 0.62712 0.22784 0.03832 0.04609
0 0.56493 0.18598 0.0319 0.04694
0 0.49119 0.16738 0.02619 0.03087
0 0.52342 0.19381 0.03214 0.04313
0 0.35858 0.18452 0.03042 0.0423
2 0.56734 0.85401 0.15629 0.29197
2 0.60333 0.45231 0.08284 0.13103
2 0.50188 0.30666 0.07957 0.17384
2 0.29735 0.14944 0.04333 0.09003
2 0.22434 0.13065 0.03365 0.07582
0 0.45825 0.70572 0.0888 0.13093
0 0.10936 0.83596 0.12651 0.19357
0 0.52887 0.51417 0.07195 0.11745
0 0.69997 0.45234 0.06403 0.08519
2 0.39067 0.4466 0.06216 0.1105
0 0.43743 0.26443 0.04197 0.06315
0 0.43743 0.20083 0.02804 0.03685
0 0.29934 0.29331 0.04351 0.0577
0 0.25624 0.27539 0.04214 0.05408
0 0.23237 0.25696 0.03926 0.05226
0 0.24741 0.19141 0.03297 0.04743
0 0.27009 0.16135 0.02634 0.03444
0 0.2045 0.17856 0.0294 0.03867
0 0.14476 0.19262 0.03059 0.04199
0 0.18002 0.15832 0.02464 0.03263
0 0.34127 0.16732 0.02691 0.03626
0 0.34742 0.15801 0.02252 0.03374
