0 0.39365 0.16599 0.02917 0.0368
0 0.3678 0.18754 0.03101 0.04205
0 0.32291 0.21599 0.03441 0.04406
0 0.9715 0.4643 0.05699 0.0821
0 0.94904 0.5145 0.07713 0.08461
0 0.47014 0.16355 0.02527 0.03612
2 0.68182 0.16767 0.05154 0.09837
2 0.84281 0.28547 0.07631 0.1325
0 0.7654 0.37866 0.05433 0.07157
0 0.68002 0.26519 0.04084 0.04921
0 0.96521 0.39295 0.05907 0.07258
0 0.22194 0.15582 0.01912 0.02945
0 0.95418 0.93483 0.09164 0.13033
0 0.29707 0.17123 0.03271 0.05362
0 0.77148 0.51475 0.07988 0.12529
2 0.15664 0.14575 0.0286 0.06445
2 0.21163 0.15181 0.02223 0.0418
0 0.33782 0.15601 0.02419 0.03054
2 0.25411 0.13683 0.03101 0.06822
2 0.4634 0.30106 0.04691 0.07613
2 0.54191 0.38625 0.05792 0.09281
2 0.43479 0.604 0.08002 0.14574
2 0.59349 0.57746 0.08027 0.13269
0 0.46336 0.78469 0.10777 0.1707
0 0.39826 0.4972 0.06705 0.08962
0 0.37721 0.45413 0.06069 0.0844
0 0.34259 0.38648 0.05409 0.07265
0 0.31861 0.32383 0.05065 0.07352
0 0.28938 0.28156 0.04282 0.05589
0 0.1599 0.5045 0.06933 0.10549
0 0.26329 0.45611 0.05669 0.0812
0 0.25228 0.36819 0.05629 0.09535
2 0.28078 0.16373 0.01718 0.029
0 0.14581 0.26299 0.04119 0.0551
0 0.17696 0.15616 0.02254 0.02806
0 0.50136 0.26482 0.03993 0.05529
0 0.45853 0.2186 0.03517 0.05529
0 0.42154 0.18401 0.03512 0.0496
