2 0.45437 0.34153 0.09691 0.22395
2 0.36099 0.37312 0.08046 0.17855
2 0.88128 0.81663 0.11823 0.19034
1 0.13511 0.73211 0.20855 0.33557
2 0.25051 0.18078 0.02797 0.05748
0 0.24509 0.38349 0.05302 0.07099
0 0.79941 0.55232 0.07757 0.11355
0 0.17423 0.1624 0.02526 0.04007
0 0.26132 0.15647 0.02308 0.0297
0 0.5839 0.58507 0.08051 0.1253
0 0.54939 0.39736 0.0487 0.07266
0 0.51758 0.27859 0.04184 0.05699
0 0.36892 0.19854 0.02407 0.03197
0 0.15067 0.29476 0.04319 0.06001
0 0.44027 0.60243 0.07666 0.09861
0 0.45229 0.67076 0.06974 0.11565
0 0.46604 0.7061 0.06803 0.12224
0 0.49382 0.73481 0.08736 0.15096
0 0.40673 0.23301 0.03365 0.04604
0 0.44925 0.21651 0.03344 0.04568
0 0.34082 0.1682 0.0277 0.03656
0 0.51315 0.80681 0.08589 0.14443
0 0.23341 0.16518 0.02209 0.03575
0 0.55891 0.86881 0.11526 0.1875
0 0.5917 0.95931 0.11379 0.08138
0 0.28942 0.27261 0.04051 0.0564
0 0.29438 0.30932 0.0452 0.05921
0 0.32148 0.3388 0.04809 0.07648
0 0.41068 0.53989 0.07301 0.11057
0 0.39646 0.50454 0.06417 0.0841
0 0.3967 0.45216 0.06831 0.08374
0 0.95496 0.7259 0.09008 0.1292
0 0.18172 0.15506 0.01876 0.02874
0 0.2191 0.15587 0.02069 0.0292
0 0.22357 0.15549 0.02252 0.036
0 0.1547 0.16901 0.02419 0.0365
0 0.13948 0.17352 0.03245 0.0535
0 0.1489 0.24431 0.03965 0.04889
1 0.18758 0.14806 0.02547 0.05076
2 0.53499 0.14073 0.04709 0.08922
0 0.57709 0.19632 0.02807 0.04232
0 0.68008 0.26123 0.04281 0.05797
0 0.28954 0.15848 0.02159 0.02805
0 0.43558 0.64013 0.06932 0.11094
2 0.3673 0.23477 0.06079 0.08562
2 0.35233 0.28724 0.04434 0.0757
