0 0.22847 0.16057 0.02219 0.03504
2 0.91391 0.79408 0.12381 0.24628
2 0.47747 0.43642 0.06142 0.10658
2 0.28054 0.21995 0.05445 0.11637
2 0.28432 0.13621 0.04323 0.10477
2 0.38054 0.20586 0.03402 0.06221
1 0.14545 0.24506 0.05961 0.13625
1 0.19757 0.19625 0.05109 0.10754
0 0.61576 0.65309 0.08428 0.12006
0 0.77125 0.6771 0.08692 0.11798
0 0.81326 0.54818 0.07953 0.11487
0 0.73385 0.48097 0.06656 0.08657
0 0.49907 0.77201 0.08222 0.13521
0 0.48042 0.70075 0.08428 0.142
0 0.53797 0.54571 0.07429 0.11381
0 0.5444 0.83085 0.1107 0.17697
0 0.57068 0.89975 0.10278 0.13208
0 0.58126 0.95836 0.11746 0.08328
0 0.16958 0.15565 0.01983 0.02811
0 0.15182 0.16005 0.02655 0.03231
0 0.24015 0.17264 0.0262 0.0449
0 0.28712 0.28953 0.04775 0.07099
0 0.32573 0.34146 0.04732 0.05959
0 0.33901 0.37923 0.05381 0.08224
0 0.15945 0.42816 0.06199 0.09426
0 0.3715 0.15942 0.02761 0.03802
0 0.3245 0.16179 0.02351 0.03398
0 0.31444 0.19753 0.03427 0.0506
0 0.6315 0.50055 0.06813 0.08614
0 0.40215 0.17645 0.02957 0.03776
0 0.44455 0.20642 0.03399 0.05438
0 0.41857 0.30982 0.05629 0.10615
0 0.55531 0.3167 0.04821 0.07134
0 0.51604 0.35912 0.05188 0.06569
0 0.25597 0.42627 0.05628 0.07758
0 0.09436 0.86562 0.11519 0.14885
0 0.39447 0.4878 0.06362 0.08918
0 0.42263 0.59457 0.07753 0.10597
0 0.43892 0.63111 0.07606 0.10806
2 0.25456 0.15434 0.02892 0.05764
0 0.45287 0.66949 0.06812 0.11695
2 0.90647 0.89411 0.18707 0.21178
2 0.82845 0.26046 0.08974 0.15831
0 0.80088 0.34601 0.04555 0.06516
0 0.6171 0.22188 0.0364 0.04524
2 0.56822 0.18488 0.0314 0.05159
0 0.51565 0.16987 0.02712 0.03594
