0 0.25626 0.19439 0.03299 0.04468
2 0.30963 0.25414 0.07194 0.17794
2 0.35416 0.16953 0.02936 0.04872
2 0.04141 0.8214 0.08282 0.30521
0 0.15179 0.33762 0.0538 0.07866
2 0.53198 0.37799 0.05771 0.09281
0 0.66861 0.52569 0.07086 0.08399
2 0.25371 0.14573 0.02804 0.05558
2 0.27359 0.13002 0.03926 0.09306
2 0.20613 0.13108 0.02906 0.0716
0 0.61485 0.37048 0.05346 0.07154
2 0.85111 0.90285 0.1387 0.19431
0 0.53487 0.30069 0.04573 0.05943
2 0.22669 0.13651 0.03416 0.0849
0 0.17896 0.15239 0.02478 0.02972
0 0.43873 0.20703 0.03448 0.04505
0 0.40578 0.17869 0.02942 0.03642
0 0.38148 0.16441 0.02541 0.03468
2 0.42794 0.24349 0.04233 0.07221
2 0.45229 0.2822 0.04698 0.0957
2 0.42978 0.36964 0.0509 0.08875
2 0.40054 0.31744 0.0487 0.08092
2 0.72066 0.72074 0.1924 0.41496
0 0.17814 0.45874 0.0684 0.10599
0 0.98428 0.95867 0.03143 0.08267
0 0.58757 0.4423 0.0609 0.08207
0 0.14072 0.24208 0.03899 0.05281
0 0.21318 0.25107 0.0349 0.05075
2 0.501 0.14632 0.0264 0.05794
0 0.52382 0.17021 0.02643 0.03636
0 0.56878 0.22983 0.03689 0.0499
2 0.65239 0.16662 0.06805 0.11121
2 0.63264 0.22095 0.04236 0.0592
2 0.75182 0.20927 0.05537 0.09134
2 0.86719 0.36868 0.06222 0.08682
0 0.86191 0.44809 0.06879 0.08124
0 0.97955 0.47526 0.0409 0.07764
0 0.48905 0.34746 0.05145 0.0772
