1 0.32073 0.15384 0.03115 0.06028
0 0.79829 0.55925 0.07458 0.10112
0 0.14388 0.2394 0.03718 0.0479
0 0.4759 0.26088 0.04288 0.06749
0 0.46068 0.2955 0.04626 0.07217
0 0.55009 0.31162 0.04622 0.06138
0 0.28502 0.38114 0.05693 0.08484
0 0.61333 0.46537 0.06953 0.09519
0 0.43251 0.59114 0.07907 0.12084
0 0.13961 0.17215 0.02591 0.03462
0 0.17625 0.15494 0.01874 0.02972
0 0.25376 0.1962 0.03286 0.04129
0 0.14585 0.17515 0.03324 0.05438
2 0.25414 0.15362 0.02223 0.0406
2 0.18572 0.14745 0.02487 0.06163
0 0.3127 0.31362 0.04794 0.05871
0 0.29916 0.20774 0.0325 0.05362
0 0.42051 0.18638 0.03025 0.04832
0 0.14644 0.32062 0.05035 0.07605
2 0.6778 0.199 0.04805 0.08584
2 0.38572 0.39029 0.09309 0.22292
2 0.68211 0.70943 0.15434 0.31571
