2 0.39489 0.47957 0.06766 0.16563
2 0.28167 0.14441 0.03612 0.0971
0 0.56971 0.33153 0.05081 0.07493
0 0.35256 0.16038 0.02651 0.03656
0 0.20291 0.2639 0.03625 0.05463
0 0.38757 0.21294 0.03501 0.04985
0 0.45928 0.2205 0.03671 0.05226
2 0.77529 0.87431 0.1979 0.25137
2 0.21423 0.14179 0.02569 0.05764
2 0.24828 0.15484 0.04078 0.0968
2 0.27941 0.21972 0.06132 0.15097
0 0.3614 0.18379 0.02957 0.04108
2 0.34807 0.36519 0.0599 0.13991
2 0.32161 0.17704 0.04963 0.11433
0 0.53678 0.17812 0.02891 0.037
0 0.56831 0.17239 0.02859 0.04023
0 0.52753 0.16598 0.02259 0.02995
2 0.97095 0.36136 0.05811 0.20581
0 0.95947 0.5215 0.08106 0.1023
2 0.31894 0.13255 0.04099 0.08773
