2 0.48908 0.30308 0.05078 0.11565
0 0.41269 0.54181 0.07194 0.08837
0 0.56163 0.92486 0.11624 0.15028
0 0.76175 0.58049 0.08114 0.10259
0 0.78245 0.66261 0.07364 0.14936
0 0.90399 0.655 0.10137 0.13994
0 0.94791 0.89334 0.10418 0.14356
0 0.38675 0.30708 0.04911 0.07915
0 0.23889 0.33895 0.04928 0.06419
0 0.18884 0.16623 0.02943 0.04262
0 0.15129 0.15678 0.02909 0.03921
0 0.36697 0.16007 0.02402 0.03389
0 0.40115 0.17565 0.02783 0.03794
0 0.8297 0.35726 0.05797 0.08531
2 0.93618 0.41716 0.06765 0.10453
2 0.67886 0.19337 0.04836 0.08769
2 0.62704 0.21931 0.03867 0.05994
0 0.61287 0.18706 0.03015 0.03489
0 0.5882 0.34916 0.05004 0.06966
0 0.25742 0.17522 0.03186 0.04217
2 0.2418 0.13788 0.0414 0.09389
2 0.31748 0.17393 0.04746 0.11026
0 0.39878 0.22241 0.03516 0.04852
2 0.8841 0.97468 0.20015 0.05065
0 0.1742 0.15456 0.0263 0.02864
