0 0.61245 0.97709 0.09831 0.04582
0 0.77416 0.69214 0.08985 0.12633
0 0.68653 0.43843 0.06411 0.08831
0 0.6114 0.47192 0.05922 0.08569
0 0.24065 0.1787 0.02254 0.03923
0 0.18158 0.17084 0.02832 0.03651
0 0.18052 0.15249 0.02761 0.03631
0 0.32816 0.16095 0.02585 0.03713
0 0.36382 0.1601 0.02353 0.03424
0 0.36728 0.19774 0.03213 0.04155
0 0.39923 0.17331 0.03059 0.03802
0 0.31359 0.15823 0.02124 0.03084
0 0.62044 0.18334 0.03368 0.05176
2 0.47245 0.14708 0.02941 0.06049
2 0.51627 0.15259 0.03132 0.05673
2 0.82403 0.26616 0.08117 0.15169
2 0.96739 0.31066 0.06522 0.16441
0 0.30833 0.75307 0.09895 0.13756
0 0.02371 0.77337 0.04743 0.13906
0 0.29577 0.15476 0.0203 0.02853
0 0.16938 0.52801 0.06842 0.09815
0 0.40078 0.53401 0.07077 0.11224
0 0.4347 0.33119 0.05109 0.06369
0 0.33754 0.35953 0.05078 0.06924
2 0.21543 0.14353 0.02753 0.05366
2 0.26723 0.18957 0.05282 0.12326
2 0.53679 0.48677 0.12016 0.21675
0 0.15436 0.38808 0.05489 0.07432
0 0.25456 0.29292 0.04707 0.07493
0 0.41539 0.24573 0.0362 0.04773
