0 0.54232 0.72621 0.03651 0.06504
0 0.62079 0.61369 0.02508 0.03776
2 0.65367 0.75744 0.05131 0.07462
2 0.45766 0.54335 0.02209 0.0511
2 0.52115 0.50876 0.01894 0.03315
2 0.57418 0.60926 0.02478 0.04039
0 0.53507 0.62117 0.02179 0.0351
0 0.6521 0.60235 0.02568 0.03084
0 0.71115 0.66588 0.0388 0.05413
0 0.7076 0.73373 0.0473 0.06294
0 0.56791 0.95962 0.07439 0.08077
0 0.52365 0.58427 0.02004 0.03288
2 0.61267 0.49426 0.02242 0.037
2 0.65995 0.51716 0.03372 0.04756
0 0.7094 0.60226 0.02836 0.03594
0 0.81128 0.68454 0.04461 0.04545
