0 0.65718 0.18794 0.03045 0.04089
0 0.53551 0.20076 0.03211 0.04402
2 0.49674 0.14769 0.03306 0.05628
2 0.40622 0.32879 0.04343 0.09208
2 0.37513 0.27029 0.04129 0.06979
2 0.31002 0.14577 0.02294 0.05514
2 0.25083 0.14363 0.02719 0.05438
2 0.45182 0.34472 0.08428 0.19994
0 0.14577 0.56807 0.07279 0.11178
0 0.49981 0.74339 0.09092 0.12537
0 0.74705 0.63131 0.08344 0.11178
0 0.09309 0.65913 0.0887 0.12719
0 0.07253 0.85339 0.12358 0.16622
0 0.23865 0.16997 0.02749 0.03504
2 0.22633 0.15754 0.02107 0.04925
0 0.21245 0.15706 0.02483 0.03477
0 0.28786 0.15295 0.02365 0.03827
2 0.68304 0.69908 0.10483 0.24119
0 0.34552 0.15654 0.02506 0.02805
0 0.36467 0.18677 0.02964 0.04067
0 0.4098 0.17627 0.03381 0.04715
0 0.38171 0.20113 0.02685 0.05786
0 0.26796 0.22251 0.03647 0.05405
0 0.49003 0.24526 0.03816 0.05734
0 0.31538 0.32058 0.04721 0.0714
0 0.34787 0.24499 0.03783 0.04734
0 0.36104 0.45669 0.06117 0.08007
0 0.52892 0.51344 0.06113 0.09252
0 0.6711 0.42381 0.06228 0.08969
0 0.23346 0.33372 0.04974 0.07489
0 0.15278 0.47315 0.06267 0.08077
2 0.96807 0.31807 0.06386 0.13459
0 0.96293 0.52692 0.07414 0.09438
0 0.66084 0.2928 0.04509 0.05964
0 0.67528 0.25771 0.03933 0.04407
0 0.59972 0.24905 0.03749 0.04966
