2 0.59326 0.19068 0.04103 0.06625
0 0.98206 0.47481 0.03588 0.07662
0 0.89205 0.46948 0.06594 0.08626
0 0.55996 0.2187 0.03469 0.04616
0 0.51596 0.19086 0.03191 0.03982
0 0.53816 0.1639 0.02716 0.04088
0 0.34812 0.23065 0.03915 0.05981
0 0.31346 0.19458 0.03181 0.0406
0 0.24535 0.17428 0.0314 0.04569
0 0.19741 0.22029 0.03144 0.04502
0 0.18297 0.16364 0.02668 0.03444
0 0.14286 0.17391 0.0294 0.04653
0 0.16291 0.15517 0.02328 0.02904
2 0.90492 0.91258 0.19016 0.17484
2 0.86539 0.74632 0.11863 0.23074
2 0.45753 0.36659 0.09218 0.1707
2 0.21033 0.2592 0.03956 0.07284
0 0.84422 0.59478 0.07811 0.10337
0 0.72181 0.48854 0.06607 0.08875
0 0.54123 0.81942 0.11135 0.18418
0 0.29739 0.91151 0.16561 0.15661
0 0.46455 0.65677 0.08443 0.12878
0 0.41536 0.57629 0.07464 0.0957
0 0.51325 0.49189 0.06387 0.08527
0 0.56341 0.41315 0.05751 0.08787
0 0.63328 0.37095 0.05383 0.08266
0 0.51961 0.35681 0.05457 0.09005
0 0.49016 0.25099 0.04058 0.06199
0 0.40624 0.29286 0.04282 0.05728
0 0.32885 0.3782 0.04711 0.07069
0 0.30744 0.30533 0.04507 0.05692
