2 0.27547 0.15441 0.02492 0.04456
0 0.37349 0.16039 0.02714 0.03023
0 0.41014 0.17676 0.02962 0.04571
0 0.13807 0.19387 0.03186 0.0407
0 0.17902 0.16356 0.02715 0.04007
0 0.24127 0.16597 0.02939 0.03567
0 0.25673 0.19838 0.02679 0.04384
0 0.23039 0.15993 0.02538 0.03146
0 0.26023 0.15704 0.02213 0.03234
2 0.21427 0.13581 0.02176 0.06015
2 0.27451 0.20892 0.03654 0.10661
2 0.34821 0.23138 0.0363 0.07794
2 0.30487 0.29573 0.0471 0.10658
2 0.58202 0.59765 0.08663 0.14409
0 0.56559 0.40997 0.06004 0.08786
0 0.45716 0.64415 0.08198 0.12616
0 0.89287 0.83652 0.11346 0.14847
2 0.15855 0.46563 0.06255 0.11432
0 0.24739 0.39982 0.05481 0.07225
0 0.35749 0.40763 0.05665 0.07427
0 0.9176 0.4095 0.0628 0.09439
0 0.55304 0.16787 0.02854 0.03774
0 0.56492 0.18954 0.03213 0.03598
1 0.31363 0.13641 0.03724 0.0725
0 0.20758 0.21631 0.03894 0.05206
0 0.19313 0.15454 0.02312 0.03111
0 0.32068 0.20468 0.03151 0.03819
0 0.34924 0.17352 0.02986 0.03756
0 0.72215 0.92688 0.12932 0.14625
0 0.44279 0.20726 0.03385 0.04663
