0 0.33528 0.16544 0.02893 0.03583
2 0.815 0.85387 0.20551 0.29226
0 0.36331 0.44078 0.06184 0.09545
0 0.54537 0.30403 0.04565 0.06133
0 0.42834 0.26567 0.03998 0.05406
0 0.4439 0.20834 0.03508 0.04446
0 0.14057 0.22638 0.0354 0.05114
0 0.14106 0.18727 0.03213 0.04225
0 0.29448 0.27986 0.0445 0.06804
0 0.17939 0.15708 0.02458 0.03161
0 0.1848 0.16932 0.03048 0.04123
0 0.24495 0.18666 0.03147 0.05434
0 0.37375 0.15983 0.0274 0.03394
2 0.22823 0.14665 0.02421 0.0569
1 0.15874 0.38451 0.08572 0.2044
2 0.05517 0.90074 0.11035 0.19852
2 0.69607 0.50162 0.16738 0.32576
2 0.61414 0.63255 0.09092 0.19545
0 0.30636 0.15381 0.02356 0.03419
0 0.2895 0.15764 0.02161 0.02901
0 0.21397 0.15574 0.01873 0.02935
0 0.26032 0.15592 0.02643 0.04153
0 0.88264 0.45699 0.07364 0.09262
0 0.86055 0.383 0.05685 0.06399
0 0.50849 0.16813 0.02283 0.03382
0 0.72041 0.33144 0.05616 0.0795
0 0.6833 0.25892 0.04141 0.05286
0 0.66475 0.18387 0.0338 0.04821
0 0.53869 0.20184 0.0357 0.0444
0 0.56295 0.18218 0.03428 0.05243
0 0.64168 0.20226 0.03285 0.03848
