0 0.9247 0.49258 0.08049 0.10473
2 0.68137 0.211 0.05056 0.07227
0 0.64204 0.23621 0.03964 0.05638
2 0.46899 0.14759 0.02856 0.05884
0 0.58336 0.19815 0.03213 0.03947
0 0.30758 0.31744 0.0439 0.06093
2 0.72214 0.55919 0.10818 0.23555
2 0.40114 0.21158 0.04008 0.08409
0 0.28887 0.16419 0.02738 0.04154
0 0.22505 0.15944 0.01662 0.03252
0 0.20114 0.22104 0.03493 0.0472
0 0.48745 0.32953 0.04758 0.06319
2 0.2377 0.15893 0.02668 0.04744
2 0.15156 0.27772 0.04095 0.07069
2 0.3665 0.24079 0.06436 0.14965
0 0.32543 0.21364 0.03285 0.06244
2 0.42584 0.3415 0.05334 0.1205
2 0.37273 0.42415 0.05922 0.10136
0 0.5612 0.57562 0.07811 0.14252
0 0.60768 0.37142 0.05424 0.07468
0 0.73875 0.49054 0.05848 0.08395
0 0.4529 0.21989 0.03512 0.04833
0 0.41431 0.17999 0.02535 0.04708
0 0.34561 0.16928 0.02585 0.03818
0 0.32642 0.16443 0.02379 0.03751
0 0.23623 0.17195 0.03263 0.04625
0 0.1519 0.16382 0.02025 0.037
0 0.14652 0.17125 0.01997 0.03323
0 0.17202 0.15397 0.02175 0.03081
2 0.14495 0.18965 0.02906 0.05614
0 0.03844 0.92031 0.07689 0.15939
0 0.14174 0.22251 0.0371 0.05941
0 0.14741 0.24769 0.03909 0.05035
0 0.2545 0.66315 0.08504 0.12398
0 0.14565 0.5372 0.06933 0.09849
0 0.16111 0.40638 0.0571 0.07553
0 0.34192 0.38215 0.05735 0.08107
0 0.32634 0.36541 0.04603 0.07074
0 0.32046 0.33658 0.04815 0.06697
