0 0.25903 0.20388 0.03158 0.05135
0 0.28827 0.19998 0.02946 0.04305
0 0.37548 0.16326 0.02498 0.03448
0 0.39953 0.16842 0.02832 0.03734
0 0.34505 0.17295 0.02785 0.03524
0 0.32269 0.15921 0.02325 0.0342
0 0.3434 0.15502 0.02242 0.03043
0 0.252 0.15695 0.01984 0.02787
0 0.23883 0.17228 0.02974 0.04205
0 0.84549 0.60221 0.08734 0.12485
0 0.22724 0.16818 0.01918 0.0278
0 0.20426 0.24293 0.03646 0.04657
0 0.19016 0.1684 0.02762 0.03569
0 0.18116 0.15722 0.02367 0.03999
0 0.61029 0.2121 0.03171 0.05256
0 0.58361 0.23175 0.04115 0.05025
0 0.57998 0.19344 0.03254 0.04052
0 0.54772 0.21025 0.03068 0.04313
0 0.47255 0.16646 0.0264 0.03344
0 0.51145 0.18021 0.02949 0.04318
2 0.6463 0.19607 0.04131 0.05641
0 0.68557 0.25657 0.04114 0.05685
0 0.97529 0.46334 0.04941 0.07538
2 0.298 0.17272 0.02834 0.05329
1 0.1814 0.13615 0.03025 0.06616
1 0.16228 0.13449 0.03416 0.07493
0 0.14097 0.17216 0.03162 0.04385
1 0.26423 0.51687 0.10826 0.26461
0 0.58641 0.94449 0.11981 0.11102
0 0.54976 0.90061 0.10642 0.14094
2 0.25069 0.14966 0.02386 0.05547
2 0.22448 0.13625 0.02814 0.07142
2 0.39307 0.19994 0.03141 0.0725
2 0.44422 0.3308 0.07978 0.18141
2 0.38746 0.2652 0.06668 0.16023
2 0.27583 0.15057 0.03068 0.0556
0 0.54518 0.81604 0.09444 0.1159
0 0.50871 0.74118 0.09972 0.16162
0 0.471 0.68355 0.08352 0.12154
0 0.44774 0.6187 0.07435 0.12467
0 0.4222 0.58175 0.06343 0.10462
0 0.40969 0.53947 0.06731 0.09394
0 0.38626 0.49279 0.06625 0.09208
0 0.17395 0.78077 0.10466 0.1422
0 0.01401 0.78675 0.02802 0.1526
0 0.16057 0.44029 0.05873 0.07918
0 0.50761 0.34435 0.04552 0.06369
0 0.54946 0.31799 0.04053 0.06107
0 0.65614 0.39713 0.05139 0.08406
2 0.61273 0.41893 0.11135 0.24056
0 0.36028 0.2695 0.02889 0.05378
0 0.46003 0.226 0.03637 0.04894
0 0.36404 0.18928 0.02663 0.04028
0 0.32941 0.22162 0.03413 0.04556
