0 0.71422 0.34462 0.0517 0.06813
0 0.77393 0.27737 0.04724 0.06989
0 0.08586 0.69175 0.0903 0.11745
0 0.52627 0.52191 0.07484 0.11781
0 0.48783 0.44016 0.05751 0.06889
0 0.37577 0.52082 0.06423 0.11203
0 0.40546 0.50305 0.06732 0.11056
0 0.5451 0.29894 0.04416 0.06834
0 0.51369 0.34254 0.04968 0.07385
0 0.31524 0.31845 0.03894 0.06766
0 0.30162 0.29598 0.04199 0.05665
0 0.29503 0.27387 0.03648 0.04773
0 0.14517 0.28451 0.04258 0.05892
0 0.13627 0.23163 0.0356 0.05105
0 0.17978 0.19596 0.03177 0.03986
0 0.4109 0.23865 0.03435 0.04783
0 0.42391 0.18772 0.03142 0.04594
0 0.26057 0.21136 0.0298 0.05402
0 0.2528 0.19151 0.02909 0.04771
0 0.23968 0.17676 0.0306 0.04881
0 0.18689 0.17976 0.03189 0.04542
0 0.35701 0.17964 0.02978 0.03921
0 0.40087 0.17173 0.0258 0.03752
0 0.37659 0.16086 0.02527 0.03157
0 0.32543 0.16242 0.0237 0.03328
0 0.3467 0.15648 0.02227 0.03156
0 0.31478 0.15776 0.02282 0.03165
0 0.22947 0.16273 0.02069 0.03339
2 0.75497 0.62649 0.09079 0.13791
2 0.55295 0.84064 0.14039 0.31872
2 0.48703 0.66669 0.15417 0.38793
2 0.45279 0.54498 0.10659 0.24536
2 0.42603 0.54383 0.06779 0.15619
2 0.36866 0.37166 0.09164 0.21404
2 0.34063 0.3279 0.0588 0.14471
0 0.3233 0.35826 0.0367 0.05498
2 0.28646 0.2434 0.05387 0.08943
2 0.27456 0.21274 0.04741 0.11027
2 0.17596 0.47727 0.05109 0.11891
0 0.18373 0.15429 0.02306 0.03447
2 0.28577 0.13168 0.04111 0.09244
2 0.20478 0.13093 0.03586 0.08067
0 0.39012 0.46533 0.06194 0.09675
0 0.47835 0.16006 0.02726 0.04434
2 0.51271 0.15213 0.03221 0.05785
2 0.56722 0.15228 0.04311 0.07106
0 0.56573 0.19266 0.03122 0.04081
0 0.64799 0.29176 0.0441 0.05873
0 0.684 0.26724 0.03882 0.05198
