2 0.6201 0.15564 0.05822 0.10402
2 0.508 0.41705 0.10607 0.23555
2 0.70762 0.5295 0.12545 0.25246
2 0.66393 0.71838 0.17126 0.25935
0 0.35991 0.1599 0.02351 0.03554
0 0.31184 0.15551 0.02223 0.03625
0 0.34434 0.24484 0.03838 0.05035
0 0.30766 0.18144 0.03003 0.04833
0 0.78484 0.53944 0.07195 0.10127
0 0.36772 0.4664 0.05037 0.09897
0 0.31651 0.33837 0.04645 0.08333
2 0.42378 0.32841 0.0659 0.1422
2 0.43048 0.231 0.06449 0.13031
2 0.27849 0.23863 0.05166 0.1145
2 0.33345 0.15808 0.03328 0.05489
2 0.27991 0.14201 0.03283 0.07431
2 0.24423 0.17597 0.02889 0.05498
0 0.38002 0.30249 0.04036 0.05589
2 0.42414 0.48502 0.11382 0.28379
0 0.50003 0.26625 0.04078 0.05583
0 0.14815 0.3208 0.05183 0.07673
0 0.20618 0.22654 0.04079 0.05921
0 0.25402 0.21431 0.02974 0.04682
0 0.21244 0.1562 0.02252 0.03074
0 0.17852 0.15963 0.0237 0.03234
0 0.22567 0.15841 0.02006 0.03094
0 0.85757 0.38728 0.05652 0.06698
2 0.50478 0.15056 0.04167 0.06242
