2 0.51838 0.63806 0.04303 0.12435
0 0.64233 0.59085 0.02606 0.04074
0 0.72586 0.6902 0.04022 0.0506
0 0.60068 0.59697 0.02261 0.03234
0 0.34345 0.62315 0.03483 0.03565
2 0.58011 0.56337 0.01977 0.03252
0 0.67148 0.68705 0.04192 0.06194
2 0.56527 0.58919 0.02148 0.03587
2 0.78577 0.59214 0.03536 0.05374
0 0.69187 0.54838 0.02001 0.02555
0 0.52221 0.71194 0.03242 0.0522
2 0.61335 0.5715 0.02154 0.03164
0 0.51671 0.77901 0.04343 0.07758
2 0.67825 0.77607 0.05853 0.12507
0 0.51621 0.86802 0.05873 0.11484
2 0.51987 0.48594 0.01911 0.03495
