2 0.37311 0.39018 0.09303 0.21738
2 0.3128 0.14428 0.02379 0.05135
2 0.96051 0.34577 0.07898 0.16999
2 0.66571 0.191 0.05623 0.08779
2 0.71879 0.23946 0.04082 0.07206
2 0.89062 0.26027 0.08477 0.13802
0 0.17498 0.15213 0.02209 0.03444
2 0.28798 0.13673 0.03841 0.09184
2 0.71262 0.70911 0.14096 0.3031
2 0.33968 0.21724 0.04894 0.08338
2 0.3017 0.26452 0.03382 0.06617
0 0.51283 0.82067 0.0883 0.14211
0 0.17091 0.67243 0.08524 0.1316
0 0.59662 0.3785 0.05962 0.08333
0 0.49423 0.46435 0.07146 0.10963
0 0.46729 0.30665 0.04475 0.05841
0 0.42551 0.34038 0.04532 0.07251
0 0.46736 0.23324 0.03806 0.05053
0 0.25362 0.44368 0.05603 0.08081
0 0.24347 0.55348 0.07056 0.10187
0 0.14374 0.26146 0.04361 0.06797
0 0.20195 0.25942 0.03843 0.04881
2 0.37827 0.64339 0.16703 0.33979
2 0.45248 0.54566 0.12263 0.31273
2 0.58299 0.42619 0.0659 0.12091
0 0.40042 0.50481 0.05603 0.09459
0 0.54085 0.89552 0.11746 0.20056
0 0.97227 0.94783 0.05547 0.10433
0 0.37503 0.15595 0.04317 0.10987
0 0.31284 0.31621 0.04261 0.05623
0 0.31362 0.33383 0.04483 0.06381
0 0.31629 0.35023 0.04524 0.066
0 0.13892 0.21213 0.03532 0.04255
0 0.16857 0.1543 0.0245 0.03569
0 0.2666 0.2191 0.03469 0.0448
0 0.26954 0.2347 0.03086 0.04711
0 0.27274 0.24867 0.03292 0.059
0 0.28077 0.26038 0.03271 0.05743
0 0.30731 0.29865 0.04663 0.06949
2 0.22553 0.13454 0.03079 0.07903
2 0.23409 0.14325 0.03609 0.08918
2 0.24693 0.17206 0.03814 0.08737
2 0.25846 0.18912 0.03262 0.08082
2 0.2966 0.27856 0.03688 0.07733
2 0.4012 0.21724 0.03636 0.06103
0 0.33719 0.37012 0.04323 0.07505
0 0.34147 0.39096 0.03916 0.06307
