0 0.11612 0.62418 0.08014 0.12725
0 0.54638 0.54843 0.07198 0.10148
0 0.5528 0.49856 0.07219 0.0939
0 0.66254 0.40681 0.05914 0.08852
0 0.85723 0.37395 0.06222 0.08124
2 0.62491 0.20473 0.03884 0.07769
0 0.57752 0.19306 0.03199 0.04521
2 0.53851 0.14594 0.04281 0.07061
0 0.64103 0.19835 0.02854 0.04698
0 0.26733 0.15096 0.02284 0.04024
0 0.58796 0.97812 0.10149 0.04376
0 0.85611 0.59708 0.08443 0.11181
0 0.76275 0.65385 0.08565 0.15835
0 0.77597 0.52704 0.07145 0.09701
0 0.18046 0.15459 0.02488 0.04387
2 0.81542 0.73654 0.1301 0.18481
2 0.53749 0.34467 0.10093 0.16544
2 0.70586 0.87155 0.12439 0.18919
2 0.70252 0.54861 0.1029 0.14972
2 0.44807 0.36255 0.06484 0.14471
2 0.41494 0.27046 0.08176 0.15974
2 0.35565 0.2608 0.04933 0.07773
2 0.39338 0.19189 0.05256 0.09872
2 0.34772 0.14467 0.04581 0.11694
2 0.3301 0.22115 0.04346 0.07883
2 0.21573 0.14426 0.02448 0.0522
2 0.25479 0.14571 0.02019 0.04713
2 0.21978 0.62625 0.14631 0.31272
1 0.15273 0.35553 0.0807 0.19482
0 0.45175 0.28055 0.03842 0.0596
0 0.17432 0.15448 0.02054 0.03046
0 0.29051 0.16747 0.02549 0.036
0 0.23833 0.17225 0.02874 0.04255
0 0.19655 0.18975 0.0313 0.04984
0 0.15445 0.24515 0.03569 0.05408
0 0.26613 0.44454 0.05894 0.08194
0 0.28183 0.52811 0.06465 0.10477
0 0.40043 0.4865 0.06989 0.12425
