2 0.23904 0.1567 0.02712 0.06381
2 0.37702 0.25555 0.06096 0.13094
0 0.32908 0.1634 0.02855 0.034
0 0.36678 0.15969 0.02336 0.03485
0 0.38081 0.16564 0.02752 0.03508
0 0.52083 0.77307 0.08197 0.1171
0 0.54148 0.83905 0.08985 0.14538
2 0.82389 0.2974 0.04852 0.07738
0 0.95007 0.5065 0.08158 0.10571
0 0.78548 0.3957 0.05685 0.07108
0 0.68249 0.26313 0.04067 0.04952
0 0.6009 0.25489 0.04115 0.05163
0 0.55904 0.18954 0.03116 0.04278
0 0.50207 0.16587 0.02711 0.03936
0 0.47943 0.67428 0.09095 0.11529
0 0.54416 0.91704 0.0943 0.16593
0 0.08014 0.73091 0.09279 0.12356
0 0.12045 0.58647 0.08086 0.12613
0 0.50182 0.33533 0.04612 0.06346
0 0.38525 0.49388 0.04518 0.07654
0 0.38079 0.46216 0.04333 0.08409
0 0.31494 0.33987 0.03532 0.06585
0 0.30879 0.31241 0.03434 0.05959
0 0.297 0.2821 0.03829 0.06104
0 0.27822 0.24991 0.04139 0.05056
0 0.27002 0.2335 0.03483 0.04836
0 0.26639 0.22204 0.03026 0.04139
0 0.2629 0.2068 0.03886 0.05198
0 0.14851 0.20369 0.03298 0.04255
0 0.20062 0.21463 0.0259 0.05871
0 0.18947 0.18658 0.03213 0.03759
0 0.1816 0.17173 0.02786 0.03584
2 0.43059 0.49172 0.11453 0.29256
2 0.35623 0.35171 0.08704 0.20548
0 0.44558 0.64981 0.06974 0.09462
0 0.50807 0.48695 0.06443 0.08509
0 0.91044 0.82233 0.11012 0.16235
2 0.31183 0.54309 0.12298 0.2888
2 0.45564 0.82848 0.2113 0.34304
2 0.68408 0.53995 0.07992 0.12931
0 0.17566 0.16262 0.02615 0.04006
0 0.24728 0.18676 0.02438 0.04346
2 0.23119 0.15013 0.02855 0.07619
2 0.79797 0.7999 0.22834 0.40019
2 0.26331 0.19583 0.03242 0.05369
2 0.1898 0.13893 0.02488 0.06236
2 0.283 0.14488 0.03465 0.08092
2 0.21427 0.148 0.01876 0.04423
